0.5543559789657593,0.37164583802223206
0.17910322546958923,0.6308838725090027
0.2630830705165863,0.5984876155853271
0.4167863130569458,0.6484135389328003
0.43907126784324646,0.6273422837257385
0.19707812368869781,0.3749198317527771
0.7924956679344177,0.5547013282775879
0.4776090383529663,0.575433611869812
0.44775477051734924,0.43528231978416443
0.6559456586837769,0.41975677013397217
0.7294028401374817,0.3134842813014984
0.5837491154670715,0.31058138608932495
0.3899232745170593,0.48419103026390076
0.4047718644142151,0.5213437676429749
0.23308373987674713,0.224289670586586
0.5317811965942383,0.582281768321991
0.5792230367660522,0.5176146626472473
0.3290817439556122,0.7338258624076843
0.5493141412734985,0.518410325050354
0.41675901412963867,0.62165367603302
0.711306095123291,0.3209969401359558
0.18443484604358673,0.6582362055778503
0.5735750794410706,0.4507124125957489
0.5495594143867493,0.356446236371994
0.4788496792316437,0.2871195375919342
0.29527562856674194,0.41243118047714233
0.34952691197395325,0.7203564047813416
0.1812857985496521,0.6434845924377441
0.6026843190193176,0.457047700881958
0.24075311422348022,0.5175527334213257
0.7897428870201111,0.6588080525398254
0.2652272582054138,0.5320670008659363
0.40726354718208313,0.5242519974708557
0.6643455624580383,0.6359245181083679
0.366542249917984,0.44175460934638977
0.6809204816818237,0.2854108214378357
0.5659018158912659,0.6166885495185852
0.24654875695705414,0.549289345741272
0.9015912413597107,0.2607920169830322
0.6143670082092285,0.3274155557155609
0.41675901412963867,0.62165367603302
0.36840784549713135,0.4692903161048889
0.6108899116516113,0.47533026337623596
0.6167665719985962,0.4871006906032562
0.4804774820804596,0.5028774738311768
0.11121726036071777,0.558749258518219
0.4121871590614319,0.5029724836349487
0.5213571190834045,0.5180923342704773
0.5387250781059265,0.3861003816127777
0.17670583724975586,0.6062766313552856
0.4698222875595093,0.6240143775939941
0.6872367262840271,0.3052400052547455
0.5579774379730225,0.49960315227508545
0.5495594143867493,0.356446236371994
0.35544610023498535,0.42888468503952026
0.6232722997665405,0.2603864371776581
0.6326782703399658,0.25704196095466614
0.4367758333683014,0.5018250942230225
0.43645042181015015,0.4476744830608368
0.5380661487579346,0.28974461555480957
0.5539366006851196,0.4849429726600647
0.36905601620674133,0.32120031118392944
0.5995422601699829,0.44690635800361633
0.6089474558830261,0.2828250229358673
0.5659018158912659,0.6166885495185852
0.7777617573738098,0.24155950546264648
0.4434453845024109,0.7135186791419983
0.5240028500556946,0.45144984126091003
0.531254768371582,0.5758885741233826
0.22600683569908142,0.48865795135498047
0.5140597820281982,0.2905154824256897
0.6883935332298279,0.34282800555229187
0.6872367262840271,0.3052400052547455
0.3948439657688141,0.8192411065101624
0.776515007019043,0.6605840921401978
0.4957444369792938,0.5836609601974487
0.1922827661037445,0.3057374954223633
0.3064647912979126,0.5197585225105286
0.10841482877731323,0.7048771381378174
0.40858861804008484,0.5677152872085571
0.6425482034683228,0.2200257033109665
0.5714966058731079,0.4867660105228424
0.2851642966270447,0.5429823994636536
0.28713634610176086,0.6894406676292419
0.4119693636894226,0.6345228552818298
0.5214318037033081,0.3295971751213074
0.5906519293785095,0.48926571011543274
0.6714332699775696,0.49434441328048706
0.4131253659725189,0.37532609701156616
0.5546078681945801,0.3005381226539612
0.7580345869064331,0.17237433791160583
0.6099231243133545,0.42293745279312134
0.5847456455230713,0.5363464951515198
0.17143909633159637,0.5435045957565308
0.5132624506950378,0.48605549335479736
0.43541666865348816,0.6126136779785156
0.5635249614715576,0.4311996400356293
0.4427041709423065,0.5822767019271851
0.44103288650512695,0.7718376517295837
0.9254456758499146,0.06441261619329453
0.3847808837890625,0.4347749650478363
0.8702723979949951,0.1342046856880188
0.483951598405838,0.5022708177566528
0.349336713552475,0.4051178991794586
0.31814056634902954,0.6755523681640625
0.11952254176139832,0.7493782043457031
0.46028926968574524,0.6589210629463196
0.6872367262840271,0.3052400052547455
0.3366888165473938,0.5542941689491272
0.2716537117958069,0.3473508954048157
0.4667043089866638,0.466472327709198
0.23434686660766602,0.5144525170326233
0.07387546449899673,0.8047152757644653
0.5406044721603394,0.5785663723945618
0.8026872873306274,0.48571184277534485
0.3820192813873291,0.434032142162323
0.7886897921562195,0.6022594571113586
0.5163705945014954,0.42730948328971863
0.20107527077198029,0.6369441151618958
0.5328174829483032,0.3339107036590576
0.43423959612846375,0.5610483884811401
0.27556055784225464,0.558214008808136
0.16323667764663696,0.6136578917503357
0.6109292507171631,0.34690061211586
0.776404082775116,0.21671582758426666
0.41605594754219055,0.5175168514251709
0.19194404780864716,0.5476979613304138
0.7261414527893066,0.39860352873802185
0.8238489627838135,0.5511965751647949
0.6877235174179077,0.3018399775028229
0.6664879322052002,0.37674421072006226
0.36522069573402405,0.7118748426437378
0.6877695322036743,0.6172634363174438
0.47624024748802185,0.19326405227184296
0.6951392292976379,0.194315567612648
0.6340906023979187,0.4234065115451813
0.4493694603443146,0.47975149750709534
0.47508561611175537,0.6244770884513855
0.6133764982223511,0.3159414529800415
0.34952691197395325,0.7203564047813416
0.7123293280601501,0.5600294470787048
0.23232068121433258,0.4180917739868164
0.8336830735206604,0.37708646059036255
0.40355297923088074,0.32886576652526855
0.1804448664188385,0.6280030608177185
0.2404392659664154,0.396631121635437
0.22092601656913757,0.5110328793525696
0.4120786786079407,0.27728089690208435
0.2938438057899475,0.5948939323425293
0.45061424374580383,0.3999554216861725
0.5311509966850281,0.551042377948761
0.5252984762191772,0.42646440863609314
0.22092601656913757,0.5110328793525696
0.4180545508861542,0.3485996425151825
0.37968873977661133,0.5281836986541748
0.2513189911842346,0.4436516761779785
0.36372143030166626,0.47891417145729065
0.715977132320404,0.6465902924537659
0.5251973867416382,0.7200352549552917
0.3863319456577301,0.6050379276275635
0.4180545508861542,0.3485996425151825
0.5726694464683533,0.27545446157455444
0.15152017772197723,0.8129854798316956
0.5220077037811279,0.4261549115180969
0.5572066307067871,0.5476059317588806
0.711306095123291,0.3209969401359558
0.45061424374580383,0.3999554216861725
0.7294028401374817,0.3134842813014984
0.3978140950202942,0.4697014391422272
0.30683189630508423,0.5845720767974854
0.2549353241920471,0.516808271408081
0.6708481311798096,0.337667852640152
0.33347493410110474,0.40861231088638306
0.4416644871234894,0.40536177158355713
0.1950300633907318,0.7278059124946594
0.6478102803230286,0.34988364577293396
0.7062765955924988,0.3663981854915619
0.5328174829483032,0.3339107036590576
0.4119715988636017,0.638030469417572
0.173511803150177,0.5081611275672913
0.46560341119766235,0.6940574049949646
0.262405127286911,0.5386420488357544
0.6708481311798096,0.337667852640152
0.11942601948976517,0.7429812550544739
0.2980675995349884,0.6878432035446167
0.34952691197395325,0.7203564047813416
0.3397430181503296,0.6640021204948425
0.20505081117153168,0.7197437882423401
0.22460100054740906,0.43393945693969727
0.596345067024231,0.2815503478050232
0.4080677330493927,0.41960063576698303
0.6105978488922119,0.5958858728408813
0.38059136271476746,0.394643098115921
0.5077088475227356,0.503176748752594
0.23488222062587738,0.7196366786956787
0.23906314373016357,0.6392547488212585
0.36522069573402405,0.7118748426437378
0.3975967466831207,0.4215582609176636
0.7678964734077454,0.5696634650230408
0.38129571080207825,0.4281027019023895
0.5132517218589783,0.27332937717437744
0.19604480266571045,0.6329790353775024
0.37639740109443665,0.7452384233474731
0.4427041709423065,0.5822767019271851
0.9106409549713135,0.5144707560539246
0.43423959612846375,0.5610483884811401
0.366542249917984,0.44175460934638977
0.14525088667869568,0.639477550983429
0.7196823358535767,0.5045342445373535
0.6763725876808167,0.3428203761577606
0.6845152378082275,0.3783244490623474
0.366542249917984,0.44175460934638977
0.71114182472229,0.7265154719352722
0.3242916464805603,0.3456483781337738
0.46646806597709656,0.33155131340026855
0.36522069573402405,0.7118748426437378
0.5197413563728333,0.2533635199069977
0.3999388813972473,0.23223081231117249
0.29527562856674194,0.41243118047714233
0.3836279809474945,0.39197561144828796
0.40720441937446594,0.4161182940006256
0.7099595069885254,0.5391150116920471
0.7323262691497803,0.5038630366325378
0.5599175095558167,0.36715754866600037
0.6010244488716125,0.5082763433456421
0.5495594143867493,0.356446236371994
0.39242109656333923,0.5690805315971375
0.39117226004600525,0.522729218006134
0.46985381841659546,0.8780344724655151
0.34952691197395325,0.7203564047813416
0.28308892250061035,0.34151148796081543
0.331486314535141,0.432505339384079
0.3122622072696686,0.3582419157028198
0.49495044350624084,0.7173935770988464
0.27895548939704895,0.5955747365951538
0.34952691197395325,0.7203564047813416
0.5546320676803589,0.44028836488723755
0.2896786332130432,0.7077552080154419
0.5328174829483032,0.3339107036590576
0.6234455108642578,0.5101397037506104
0.43423959612846375,0.5610483884811401
0.3858584463596344,0.40778347849845886
0.40659454464912415,0.42570996284484863
0.6847832202911377,0.2107153832912445
0.29881933331489563,0.47231465578079224
0.49369537830352783,0.3215729594230652
0.5026490688323975,0.37265175580978394
0.40726354718208313,0.5242519974708557
0.7224640250205994,0.3528830111026764
0.6165528297424316,0.473332017660141
0.3556859493255615,0.5791019797325134
0.15127278864383698,0.7449730634689331
0.3974762260913849,0.4278907775878906
0.6872367262840271,0.3052400052547455
0.778438150882721,0.2974950671195984
0.40726354718208313,0.5242519974708557
0.4052947461605072,0.6358506083488464
0.36280474066734314,0.49742642045021057
0.9248676896095276,0.14360402524471283
0.55062335729599,0.35133543610572815
0.5190998315811157,0.43832942843437195
0.6872367262840271,0.3052400052547455
0.6171618700027466,0.5331382751464844
0.8188028335571289,0.15365245938301086
0.5051369071006775,0.38363468647003174
0.614238440990448,0.5248474478721619
0.43615633249282837,0.34505191445350647
0.262405127286911,0.5386420488357544
0.5949327945709229,0.5151672959327698
0.47849297523498535,0.4447786509990692
0.59229576587677,0.3961469233036041
0.5495594143867493,0.356446236371994
0.7578375339508057,0.29010245203971863
0.424550324678421,0.3560018241405487
0.25785964727401733,0.650313675403595
0.5625558495521545,0.5273292660713196
0.5462663173675537,0.20442701876163483
0.3758203983306885,0.43222540616989136
0.7726952433586121,0.4802979528903961
0.3648984730243683,0.4595625698566437
0.7294028401374817,0.3134842813014984
0.331486314535141,0.432505339384079
0.11942601948976517,0.7429812550544739
0.5328174829483032,0.3339107036590576
0.4564487040042877,0.5236193537712097
0.36147990822792053,0.35547342896461487
0.7678288221359253,0.39397764205932617
0.6027392745018005,0.31731656193733215
0.7433433532714844,0.1851509064435959
0.5495594143867493,0.356446236371994
0.6555104851722717,0.5519628524780273
0.6431233286857605,0.589860200881958
0.18914487957954407,0.6835831999778748
0.30941906571388245,0.49662402272224426
0.3101990520954132,0.5751696825027466
0.2774265706539154,0.6331332921981812
0.711306095123291,0.3209969401359558
0.552943766117096,0.46174365282058716
0.22980795800685883,0.5039480328559875
0.26527854800224304,0.7003328800201416
0.21372289955615997,0.4785236418247223
0.5442877411842346,0.2433449774980545
0.3906461000442505,0.4584041237831116
0.5459744334220886,0.5410255193710327
0.7013078927993774,0.2732084393501282
0.2836827039718628,0.5744290351867676
0.3614353835582733,0.46643900871276855
0.5858927369117737,0.4171992838382721
0.2763533592224121,0.4448862075805664
0.6536442637443542,0.34576788544654846
0.3556859493255615,0.5791019797325134
0.11441466957330704,0.7166926264762878
0.9518106579780579,0.0816299170255661
0.2754230201244354,0.6082054376602173
0.7969616651535034,0.7093847393989563
0.6391741633415222,0.49713993072509766
0.2729279100894928,0.5972216129302979
0.6872367262840271,0.3052400052547455
0.5975677967071533,0.23192082345485687
0.5414159297943115,0.44826871156692505
0.5723872184753418,0.3135877549648285
0.38563939929008484,0.7216790914535522
0.6735956072807312,0.3654846251010895
0.2764352858066559,0.47474759817123413
0.6945366859436035,0.7041279077529907
0.7770362496376038,0.12249445915222168
0.3947000503540039,0.6913589835166931
0.2709431052207947,0.5692483186721802
0.735916018486023,0.569046676158905
0.34952691197395325,0.7203564047813416
0.56017005443573,0.5215830206871033
0.5017717480659485,0.41721656918525696
0.4427041709423065,0.5822767019271851
0.19589924812316895,0.6379125118255615
0.1086169108748436,0.6688641905784607
0.4679884910583496,0.5759447813034058
0.6979639530181885,0.5830841064453125
0.318229079246521,0.3367391526699066
0.703831672668457,0.5543721914291382
0.807915210723877,0.23506438732147217
0.7648776769638062,0.2746503949165344
0.6873865127563477,0.3169054687023163
0.40683603286743164,0.548112154006958
0.6460426449775696,0.5719919204711914
0.4114648103713989,0.49863308668136597
0.5141573548316956,0.4017147719860077
0.33846399188041687,0.4843539893627167
0.39669907093048096,0.5351244807243347
0.7339502573013306,0.5132111310958862
0.16257137060165405,0.7001177668571472
0.7695536017417908,0.22452615201473236
0.8574172854423523,0.3494408130645752
0.5506190061569214,0.5452191829681396
0.6945366859436035,0.7041279077529907
0.5681954622268677,0.3144436776638031
0.4254968762397766,0.5848936438560486
0.7004050016403198,0.42888033390045166
0.6059591770172119,0.27751535177230835
0.32224127650260925,0.694688618183136
0.39454030990600586,0.576266884803772
0.2455979287624359,0.3502059280872345
0.6541174054145813,0.2531498968601227
0.2242918312549591,0.8789526224136353
0.08556131273508072,0.8728440403938293
0.25752952694892883,0.8220687508583069
0.398680180311203,0.6223949193954468
0.5207513570785522,0.40575364232063293
0.2763533592224121,0.4448862075805664
0.48124662041664124,0.38813522458076477
0.3135126829147339,0.509899377822876
0.3648984730243683,0.4595625698566437
0.3557973802089691,0.5815943479537964
0.34952691197395325,0.7203564047813416
0.34128937125205994,0.4271729290485382
0.220693439245224,0.4401324391365051
0.5179582238197327,0.43443620204925537
0.747060239315033,0.18512824177742004
0.4905076324939728,0.3177362382411957
0.6292479634284973,0.5525981187820435
0.262405127286911,0.5386420488357544
0.59612637758255,0.5438199043273926
0.7318596839904785,0.44232678413391113
0.6912904977798462,0.5208286643028259
0.36372143030166626,0.47891417145729065
0.34603992104530334,0.5224123597145081
0.7287518978118896,0.43742650747299194
0.2754230201244354,0.6082054376602173
0.5018472075462341,0.7790335416793823
0.34952691197395325,0.7203564047813416
0.6499946713447571,0.5311388969421387
0.7477823495864868,0.36274710297584534
0.6294827461242676,0.4546426832675934
0.7294028401374817,0.3134842813014984
0.16323667764663696,0.6136578917503357
0.8157352805137634,0.42425310611724854
0.7976304888725281,0.29504454135894775
0.5328444838523865,0.4358883202075958
0.6498982906341553,0.6108218431472778
0.5645282864570618,0.45029303431510925
0.577972948551178,0.32260191440582275
0.32867905497550964,0.5195719003677368
0.3213235139846802,0.588649332523346
0.22412104904651642,0.8077264428138733
0.33516231179237366,0.4646916389465332
0.1907040923833847,0.5580041408538818
0.36372143030166626,0.47891417145729065
0.30708885192871094,0.5763662457466125
0.5588829517364502,0.5599204897880554
0.5774945020675659,0.7108176350593567
0.20392128825187683,0.6240143179893494
0.16323667764663696,0.6136578917503357
0.5991155505180359,0.3717522621154785
0.2690400183200836,0.4970061480998993
0.21354159712791443,0.7168357968330383
0.3266700208187103,0.43282148241996765
0.735916018486023,0.569046676158905
0.49918121099472046,0.629947304725647
0.4913734793663025,0.4179306626319885
0.37023526430130005,0.35781130194664
0.5495594143867493,0.356446236371994
0.38415074348449707,0.5543226003646851
0.8026872873306274,0.48571184277534485
0.6987425088882446,0.6699616312980652
0.711306095123291,0.3209969401359558
0.3868362605571747,0.41812437772750854
0.8400542736053467,0.1559273600578308
0.4212931990623474,0.7028542160987854
0.5118584036827087,0.3620147705078125
0.6552643775939941,0.5388966798782349
0.3230740427970886,0.3857404589653015
0.23681841790676117,0.6052127480506897
0.37889090180397034,0.5026584267616272
0.34549790620803833,0.6953469514846802
0.17371775209903717,0.612516462802887
0.47091472148895264,0.4927830696105957
0.3290817439556122,0.7338258624076843
0.6294827461242676,0.4546426832675934
0.3091427683830261,0.7949650287628174
0.45061424374580383,0.3999554216861725
0.21157529950141907,0.43531671166419983
0.2758440375328064,0.4332730174064636
0.2339131385087967,0.568061351776123
0.4507167935371399,0.4385406970977783
0.4915827512741089,0.5869909524917603
0.5676344633102417,0.48957258462905884
0.5957272052764893,0.5649949908256531
0.8415011167526245,0.4065638780593872
0.6788574457168579,0.4934060871601105
0.4626999497413635,0.44061580300331116
0.36522069573402405,0.7118748426437378
0.3540652394294739,0.5082200169563293
0.39372900128364563,0.5882990956306458
0.41146793961524963,0.6930283308029175
0.3125021755695343,0.35362502932548523
0.5382493734359741,0.39174357056617737
0.19043006002902985,0.510347306728363
0.34549790620803833,0.6953469514846802
0.40139687061309814,0.5641148686408997
0.28000539541244507,0.5569241046905518
0.3556859493255615,0.5791019797325134
0.6380690336227417,0.5498762726783752
0.6708481311798096,0.337667852640152
0.36238712072372437,0.47746962308883667
0.6169693470001221,0.7094111442565918
0.8654624223709106,0.42078065872192383
0.46585729718208313,0.6368206739425659
0.4047718644142151,0.5213437676429749
0.3031543493270874,0.8099852204322815
0.34952691197395325,0.7203564047813416
0.5008293986320496,0.5705342888832092
0.08355217427015305,0.841464102268219
0.4556514620780945,0.64618980884552
0.2575189769268036,0.6932405233383179
0.4333611726760864,0.6191613078117371
0.6814176440238953,0.7029877305030823
0.3244384527206421,0.4805840253829956
0.4977005422115326,0.6125187873840332
0.5114861130714417,0.6683931946754456
0.31776776909828186,0.5090509057044983
0.4493694603443146,0.47975149750709534
0.5962764620780945,0.3367667496204376
0.5723872184753418,0.3135877549648285
0.18367552757263184,0.737771213054657
0.3449857831001282,0.5320190787315369
0.34233689308166504,0.43795692920684814
0.6167665719985962,0.4871006906032562
0.2844434082508087,0.5989695191383362
0.8259870409965515,0.5005517601966858
0.45061424374580383,0.3999554216861725
0.5540916323661804,0.5903781652450562
0.6232722997665405,0.2603864371776581
0.16323667764663696,0.6136578917503357
0.37472257018089294,0.3506983518600464
0.36522069573402405,0.7118748426437378
0.5045961141586304,0.4790709316730499
0.36522069573402405,0.7118748426437378
0.34952691197395325,0.7203564047813416
0.41527172923088074,0.5272071361541748
0.6251451969146729,0.48267069458961487
0.6505018472671509,0.3088289797306061
0.5495594143867493,0.356446236371994
0.8163294792175293,0.4050539433956146
0.1635562628507614,0.4918912351131439
0.7118058204650879,0.5663224458694458
0.6131560802459717,0.2582527995109558
0.4097173810005188,0.3842363953590393
0.2525504231452942,0.6124507188796997
0.5906519293785095,0.48926571011543274
0.5145941972732544,0.2521896958351135
0.6708481311798096,0.337667852640152
0.6235823631286621,0.5014666318893433
0.38576436042785645,0.4960631728172302
0.5495594143867493,0.356446236371994
0.4905623495578766,0.3613809645175934
0.26977255940437317,0.7034510970115662
0.291056364774704,0.5184521079063416
0.6713870763778687,0.3561113476753235
0.36246636509895325,0.6330758929252625
0.07456327229738235,0.8562186360359192
0.5930017232894897,0.4253304898738861
0.5397669076919556,0.33895641565322876
0.7822721600532532,0.3583241403102875
0.49972930550575256,0.20628131926059723
0.36522069573402405,0.7118748426437378
0.7386921644210815,0.44139865040779114
0.48916107416152954,0.31945380568504333
0.46481069922447205,0.4202389121055603
0.2475864440202713,0.4816244840621948
0.2988908886909485,0.541914165019989
0.47586318850517273,0.653944730758667
0.7257025241851807,0.32660889625549316
0.3329801559448242,0.3631172180175781
0.5114406943321228,0.3773668110370636
0.4822555482387543,0.3759239614009857
0.3984420895576477,0.48025384545326233
0.5659018158912659,0.6166885495185852
0.34952691197395325,0.7203564047813416
0.6303537487983704,0.5318207144737244
0.6872367262840271,0.3052400052547455
0.6155875325202942,0.4810510575771332
0.6327881813049316,0.6514396667480469
0.4194725751876831,0.4916234612464905
0.43423959612846375,0.5610483884811401
0.151058629155159,0.5294442176818848
0.2951405942440033,0.8725521564483643
0.599766194820404,0.2494300901889801
0.12784843146800995,0.6803205609321594
0.2708492577075958,0.46462762355804443
0.1359451413154602,0.7331399917602539
0.5931052565574646,0.3121701776981354
0.7669857144355774,0.26518163084983826
0.272073894739151,0.5223821401596069
0.14948208630084991,0.6018726825714111
0.5449244379997253,0.2555040419101715
0.6872367262840271,0.3052400052547455
0.6080678701400757,0.2839241921901703
0.31522300839424133,0.714150071144104
0.7090544700622559,0.48008567094802856
0.3648984730243683,0.4595625698566437
0.8687469363212585,0.9018610119819641
0.3648984730243683,0.4595625698566437
0.5443858504295349,0.5337138772010803
0.29527562856674194,0.41243118047714233
0.31837618350982666,0.6338757276535034
0.4180545508861542,0.3485996425151825
0.6708481311798096,0.337667852640152
0.6149095892906189,0.43615326285362244
0.6358738541603088,0.5625059604644775
0.48666656017303467,0.7442299127578735
0.3337422013282776,0.7683950066566467
0.5826143622398376,0.3292861580848694
0.8490762710571289,0.3580174744129181
0.5196853280067444,0.5778053998947144
0.7740260362625122,0.5213567614555359
0.606116533279419,0.21180063486099243
0.5292761325836182,0.5619739890098572
0.5042310357093811,0.3664949834346771
0.5476681590080261,0.5046237111091614
0.5406044721603394,0.5785663723945618
0.10610155761241913,0.7349730730056763
0.46367645263671875,0.6348331570625305
0.34952691197395325,0.7203564047813416
0.6577724814414978,0.6601361632347107
0.22103062272071838,0.6994367837905884
0.5868122577667236,0.2230541706085205
0.6559456586837769,0.41975677013397217
0.7801918983459473,0.3716972768306732
0.14578990638256073,0.6208181381225586
0.22079840302467346,0.44485676288604736
0.13284654915332794,0.8073448538780212
0.29384857416152954,0.4819614589214325
0.5930496454238892,0.4842703640460968
0.173511803150177,0.5081611275672913
0.4822458326816559,0.4736115336418152
0.46770593523979187,0.48052507638931274
0.7150554656982422,0.3629904091358185
0.5407215356826782,0.6841627955436707
0.8109963536262512,0.19741924107074738
0.5411882400512695,0.17700377106666565
0.673347532749176,0.5360139608383179
0.6380690336227417,0.5498762726783752
0.6184589862823486,0.6601076126098633
0.5707060098648071,0.5597503781318665
0.4080677330493927,0.41960063576698303
0.3387337028980255,0.5580021142959595
0.43423959612846375,0.5610483884811401
0.7344577312469482,0.23557355999946594
0.8405951261520386,0.19485367834568024
0.3888246417045593,0.65995854139328
0.32361507415771484,0.6353016495704651
0.38563939929008484,0.7216790914535522
0.2597678005695343,0.5391215682029724
0.5350427627563477,0.32566049695014954
0.6206435561180115,0.24829289317131042
0.4507167935371399,0.4385406970977783
0.2950359880924225,0.5161113739013672
0.3988526463508606,0.28870704770088196
0.1389477699995041,0.7417630553245544
0.34617260098457336,0.45076265931129456
0.6507759690284729,0.8368751406669617
0.4030357599258423,0.5203908681869507
0.6713870763778687,0.3561113476753235
0.1427200883626938,0.6724467873573303
0.36147990822792053,0.35547342896461487
0.5723872184753418,0.3135877549648285
0.36522069573402405,0.7118748426437378
0.6872367262840271,0.3052400052547455
0.22943297028541565,0.5221614241600037
0.6713870763778687,0.3561113476753235
0.5930496454238892,0.4842703640460968
0.7800377607345581,0.3441310226917267
0.31650510430336,0.3805182874202728
0.43423959612846375,0.5610483884811401
0.424550324678421,0.3560018241405487
0.26849785447120667,0.5493144392967224
0.3230740427970886,0.3857404589653015
0.3947945535182953,0.813697874546051
0.2525968551635742,0.34017887711524963
0.2896786332130432,0.7077552080154419
0.2774265706539154,0.6331332921981812
0.40726354718208313,0.5242519974708557
0.5837901830673218,0.4491369426250458
0.36522069573402405,0.7118748426437378
0.45061424374580383,0.3999554216861725
0.22595839202404022,0.4367826581001282
0.4101220369338989,0.5170784592628479
0.7370976805686951,0.5166454315185547
0.28713634610176086,0.6894406676292419
0.5727449059486389,0.3652368187904358
0.6271851062774658,0.33903199434280396
0.7065555453300476,0.5640890002250671
0.4416644871234894,0.40536177158355713
0.34798863530158997,0.3061661422252655
0.21355020999908447,0.7522410154342651
0.8426904082298279,0.3922198414802551
0.24891817569732666,0.5054023265838623
0.6872367262840271,0.3052400052547455
0.8324462175369263,0.2912612557411194
0.27083438634872437,0.6209993362426758
0.6872367262840271,0.3052400052547455
0.34694352746009827,0.44837185740470886
0.2629257142543793,0.5628948211669922
0.6877695322036743,0.6172634363174438
0.46282851696014404,0.5506861209869385
0.26977255940437317,0.7034510970115662
0.48937252163887024,0.540751576423645
0.3298604190349579,0.3642597496509552
0.46226319670677185,0.5461495518684387
0.3868362605571747,0.41812437772750854
0.32574716210365295,0.4673020541667938
0.5495594143867493,0.356446236371994
0.13359788060188293,0.5420380234718323
0.8157352805137634,0.42425310611724854
0.4362156391143799,0.36055806279182434
0.5978826284408569,0.5053722858428955
0.3994843065738678,0.5752763152122498
0.18776291608810425,0.7694898843765259
0.2836827039718628,0.5744290351867676
0.42019185423851013,0.671633780002594
0.5525479912757874,0.282824844121933
0.2896786332130432,0.7077552080154419
0.7012088894844055,0.5447548031806946
0.46481069922447205,0.4202389121055603
0.6803441047668457,0.28886470198631287
0.5476866960525513,0.24723121523857117
0.5565040707588196,0.4884689450263977
0.6432309150695801,0.3372265696525574
0.4427041709423065,0.5822767019271851
0.42632463574409485,0.3756830394268036
0.30731093883514404,0.875232458114624
0.7518228888511658,0.3548769950866699
0.16749228537082672,0.7172441482543945
0.34128937125205994,0.4271729290485382
0.5444327592849731,0.3844608664512634
0.5959590673446655,0.3205804228782654
0.3332749009132385,0.6127764582633972
0.4097173810005188,0.3842363953590393
0.6070215106010437,0.251908540725708
0.10774525254964828,0.7566079497337341
0.5659018158912659,0.6166885495185852
0.36522069573402405,0.7118748426437378
0.6446985006332397,0.2425631582736969
0.4544968008995056,0.3765609860420227
0.834384560585022,0.6743334531784058
0.37683388590812683,0.31998205184936523
0.5714966058731079,0.4867660105228424
0.3691108822822571,0.5319964289665222
0.43760839104652405,0.4529280662536621
0.32105985283851624,0.7439953088760376
0.20951306819915771,0.6060176491737366
0.56017005443573,0.5215830206871033
0.3397873044013977,0.5109996795654297
0.513516366481781,0.48871713876724243
0.3831339478492737,0.47492310404777527
0.2037525624036789,0.5810067653656006
0.8275421857833862,0.20802433788776398
0.45061424374580383,0.3999554216861725
0.4610919952392578,0.35156193375587463
0.3196451663970947,0.5599468350410461
0.424550324678421,0.3560018241405487
0.3156674802303314,0.35537204146385193
0.4180545508861542,0.3485996425151825
0.4363059401512146,0.887564480304718
0.11642660200595856,0.7900288105010986
0.7394378185272217,0.2318013608455658
0.49495044350624084,0.7173935770988464
0.5495594143867493,0.356446236371994
0.4050389528274536,0.7681155204772949
0.5714966058731079,0.4867660105228424
0.13311199843883514,0.6027011275291443
0.3312748372554779,0.6928567886352539
0.6872367262840271,0.3052400052547455
0.3676236569881439,0.4005401134490967
0.18776291608810425,0.7694898843765259
0.2645781338214874,0.5030137300491333
0.31035116314888,0.7521761059761047
0.5714966058731079,0.4867660105228424
0.2480751872062683,0.451107382774353
0.6994851231575012,0.49158117175102234
0.7534605264663696,0.1823539286851883
0.34050342440605164,0.32669249176979065
0.5271937847137451,0.46635299921035767
0.3347506523132324,0.3495970368385315
0.7569978833198547,0.46746358275413513
0.2729279100894928,0.5972216129302979
0.353912353515625,0.47529685497283936
0.38641682267189026,0.38191163539886475
0.262405127286911,0.5386420488357544
0.4759892225265503,0.48514530062675476
0.5149075984954834,0.244284525513649
0.424550324678421,0.3560018241405487
0.5495594143867493,0.356446236371994
0.17947068810462952,0.43956977128982544
0.6000623106956482,0.5314470529556274
0.5978826284408569,0.5053722858428955
0.4427041709423065,0.5822767019271851
0.5932435393333435,0.6297150254249573
0.20545773208141327,0.41930627822875977
0.28833186626434326,0.564276933670044
0.49323147535324097,0.32863906025886536
0.6872367262840271,0.3052400052547455
0.8937923908233643,0.4641956090927124
0.15971118211746216,0.7343655824661255
0.30223992466926575,0.3784710466861725
0.6787822842597961,0.2940244972705841
0.5408312678337097,0.46510764956474304
0.5495594143867493,0.356446236371994
0.5906519293785095,0.48926571011543274
0.2949460446834564,0.7861114144325256
0.36987176537513733,0.3063284456729889
0.2671990692615509,0.4845818877220154
0.46481069922447205,0.4202389121055603
0.5723872184753418,0.3135877549648285
0.3505834937095642,0.7696542739868164
0.21034106612205505,0.4959838092327118
0.24883528053760529,0.5968061089515686
0.5328174829483032,0.3339107036590576
0.43423959612846375,0.5610483884811401
0.7574976682662964,0.5691134929656982
0.17219407856464386,0.7822238206863403
0.5498486757278442,0.2929924726486206
0.20146878063678741,0.6913849115371704
0.331486314535141,0.432505339384079
0.5495594143867493,0.356446236371994
0.6746140718460083,0.4426800608634949
0.2836827039718628,0.5744290351867676
0.4180545508861542,0.3485996425151825
0.10434629023075104,0.7498825788497925
0.6370304226875305,0.5060660243034363
0.46481069922447205,0.4202389121055603
0.3493613302707672,0.6624431610107422
0.37624818086624146,0.4181540310382843
0.4881671071052551,0.47349968552589417
0.21824699640274048,0.46676400303840637
0.9223997592926025,0.385161429643631
0.19499707221984863,0.6575266718864441
0.7422559261322021,0.6424151062965393
0.33973178267478943,0.5487672090530396
0.34617260098457336,0.45076265931129456
0.588980495929718,0.46865540742874146
0.3065749704837799,0.515805184841156
0.2259782999753952,0.713065505027771
0.5495594143867493,0.356446236371994
0.3312748372554779,0.6928567886352539
0.479416161775589,0.36905428767204285
0.6892988681793213,0.1747346967458725
0.272073894739151,0.5223821401596069
0.366542249917984,0.44175460934638977
0.6916086673736572,0.16836942732334137
0.5723872184753418,0.3135877549648285
0.3277495205402374,0.467537522315979
0.31788957118988037,0.7167651057243347
0.6228127479553223,0.5520296096801758
0.3356757164001465,0.3808347284793854
0.46481069922447205,0.4202389121055603
0.5481330752372742,0.480379194021225
0.45302367210388184,0.6499696969985962
0.5293054580688477,0.5817781686782837
0.4465892016887665,0.4528443515300751
0.3662377893924713,0.5064323544502258
0.6638952493667603,0.43405258655548096
0.8244079351425171,0.6757439374923706
0.1902109533548355,0.8426828980445862
0.607815682888031,0.2343941479921341
0.48124662041664124,0.38813522458076477
0.3295917212963104,0.7383646368980408
0.7540321946144104,0.3623915910720825
0.22092601656913757,0.5110328793525696
0.6212319731712341,0.5052750110626221
0.7142723798751831,0.35169532895088196
0.4697532653808594,0.48890161514282227
0.23693880438804626,0.8908936977386475
0.33125969767570496,0.5013410449028015
0.4217154383659363,0.31411275267601013
0.5714966058731079,0.4867660105228424
0.2677461504936218,0.5906426310539246
0.34952691197395325,0.7203564047813416
0.3902202844619751,0.6170517802238464
0.17445820569992065,0.6201924681663513
0.36295461654663086,0.5979263782501221
0.19624999165534973,0.5550455451011658
0.3384239375591278,0.8879740238189697
0.5196873545646667,0.5055888295173645
0.3193073868751526,0.506831169128418
0.4934293329715729,0.4825138747692108
0.5017717480659485,0.41721656918525696
0.6986587643623352,0.38835418224334717
0.7116055488586426,0.18331120908260345
0.173511803150177,0.5081611275672913
0.314678430557251,0.4991477131843567
0.6235823631286621,0.5014666318893433
0.33973178267478943,0.5487672090530396
0.6487078070640564,0.3234497904777527
0.15647004544734955,0.5907651782035828
0.28002649545669556,0.5114945769309998
0.08551988005638123,0.7536806464195251
0.6872367262840271,0.3052400052547455
0.3983374834060669,0.5060393810272217
0.42632463574409485,0.3756830394268036
0.5676344633102417,0.48957258462905884
0.4493694603443146,0.47975149750709534
0.6872367262840271,0.3052400052547455
0.46531692147254944,0.4298960566520691
0.31762608885765076,0.5774615406990051
0.14367267489433289,0.2998473048210144
0.14948208630084991,0.6018726825714111
0.24891817569732666,0.5054023265838623
0.6872367262840271,0.3052400052547455
0.5328174829483032,0.3339107036590576
0.5820653438568115,0.48957565426826477
0.5906519293785095,0.48926571011543274
0.252229243516922,0.6040791273117065
0.37642186880111694,0.46836918592453003
0.15861280262470245,0.6179811358451843
0.5957272052764893,0.5649949908256531
0.31788957118988037,0.7167651057243347
0.29527562856674194,0.41243118047714233
0.23525120317935944,0.7223742604255676
0.6198493838310242,0.5837326645851135
0.23071010410785675,0.6724268198013306
0.21514299511909485,0.5621809959411621
0.50686115026474,0.24349386990070343
0.48124662041664124,0.38813522458076477
0.7036533951759338,0.4846239984035492
0.6809204816818237,0.2854108214378357
0.3554691672325134,0.24889013171195984
0.331486314535141,0.432505339384079
0.76955646276474,0.6778283715248108
0.34952691197395325,0.7203564047813416
0.5906519293785095,0.48926571011543274
0.41755685210227966,0.3516107499599457
0.16988839209079742,0.7223411798477173
0.42485201358795166,0.43041133880615234
0.8097180724143982,0.6669655442237854
0.36198291182518005,0.3908401429653168
0.38966208696365356,0.4345577359199524
0.6872367262840271,0.3052400052547455
0.4180545508861542,0.3485996425151825
0.424550324678421,0.3560018241405487
0.4530179798603058,0.6660712361335754
0.3031374216079712,0.6331884860992432
0.24990779161453247,0.7170649170875549
0.6284177899360657,0.6622567772865295
0.6708481311798096,0.337667852640152
0.7563959360122681,0.3853549063205719
0.8055662512779236,0.19814984500408173
0.4285722076892853,0.38240861892700195
0.23214437067508698,0.6971666812896729
0.32313278317451477,0.5299476981163025
0.36522069573402405,0.7118748426437378
0.6271851062774658,0.33903199434280396
0.39903947710990906,0.48504704236984253
0.9344372749328613,0.14236587285995483
0.5495594143867493,0.356446236371994
0.5510437488555908,0.36714115738868713
0.6281273365020752,0.48407790064811707
0.4892796277999878,0.4785780608654022
0.6883935332298279,0.34282800555229187
0.4525100886821747,0.4657423198223114
0.5748835802078247,0.293720543384552
0.2523256242275238,0.25550830364227295
0.40568509697914124,0.36332467198371887
0.2836827039718628,0.5744290351867676
0.7265270948410034,0.4721507728099823
0.18776291608810425,0.7694898843765259
0.7122814059257507,0.8547632694244385
0.5163705945014954,0.42730948328971863
0.4380439817905426,0.2247089296579361
0.43423959612846375,0.5610483884811401
0.34952691197395325,0.7203564047813416
0.6286467909812927,0.5532365441322327
0.3033771514892578,0.5497847199440002
0.5295091867446899,0.27617788314819336
0.3556859493255615,0.5791019797325134
0.5928543210029602,0.5143956542015076
0.5243653059005737,0.5814869403839111
0.20786702632904053,0.7328848838806152
0.41755834221839905,0.3511459231376648
0.17504461109638214,0.4055113196372986
0.703184187412262,0.5088251829147339
0.4994772970676422,0.49989449977874756
0.6807349920272827,0.3421831429004669
0.34189796447753906,0.5702728033065796
0.577972948551178,0.32260191440582275
0.8312247395515442,0.2098926454782486
0.43615633249282837,0.34505191445350647
0.6891965866088867,0.4772493243217468
0.34952691197395325,0.7203564047813416
0.3288925588130951,0.5915122628211975
0.4311385452747345,0.3594672679901123
0.43423959612846375,0.5610483884811401
0.4047718644142151,0.5213437676429749
0.7418250441551208,0.31841930747032166
0.2840692698955536,0.6617010831832886
0.37443429231643677,0.49473878741264343
0.34952691197395325,0.7203564047813416
0.08849143236875534,0.7571421265602112
0.6883935332298279,0.34282800555229187
0.43423959612846375,0.5610483884811401
0.34952691197395325,0.7203564047813416
0.3781028985977173,0.45546841621398926
0.47871536016464233,0.41736865043640137
0.5732038021087646,0.3210122287273407
0.6945366859436035,0.7041279077529907
0.7943711876869202,0.16735954582691193
0.7509164214134216,0.23621870577335358
0.3868362605571747,0.41812437772750854
0.6311876773834229,0.41179972887039185
0.4080227017402649,0.8284079432487488
0.2729279100894928,0.5972216129302979
0.8099536895751953,0.8327851891517639
0.7046698927879333,0.35528048872947693
0.9422014355659485,0.13183476030826569
0.827472448348999,0.23765474557876587
0.6281421780586243,0.37499067187309265
0.34952691197395325,0.7203564047813416
0.17049556970596313,0.6642730832099915
0.3755755126476288,0.7372207641601562
0.2548576295375824,0.5716931819915771
0.3031543493270874,0.8099852204322815
0.36522069573402405,0.7118748426437378
0.4080895483493805,0.3778197467327118
0.8762155175209045,0.2870629131793976
0.5754541754722595,0.2311934232711792
0.6090542674064636,0.46414217352867126
0.3632078170776367,0.3628973960876465
0.20458346605300903,0.6079832911491394
0.929989755153656,0.14962930977344513
0.5135926008224487,0.10907068848609924
0.5495594143867493,0.356446236371994
0.6785053610801697,0.2891010642051697
0.6948605179786682,0.3761049211025238
0.23782625794410706,0.6150404214859009
0.448233038187027,0.37236979603767395
0.4920181632041931,0.458779901266098
0.6685439348220825,0.666606605052948
0.6187852621078491,0.30620327591896057
0.586748480796814,0.5637323260307312
0.3561283349990845,0.6490046381950378
0.7356697916984558,0.6777060627937317
