-0.20678648352622986,0.4633547067642212
1.709487795829773,0.48892486095428467
0.1637425273656845,0.37882503867149353
1.2074004411697388,0.29037439823150635
1.2057746648788452,0.5111188888549805
1.5146043300628662,0.30143919587135315
0.8971507549285889,0.5170639753341675
-0.6612769961357117,0.44781750440597534
0.4933934211730957,0.29787567257881165
1.3752766847610474,0.8765648603439331
0.18142908811569214,0.4084516167640686
0.1183716356754303,0.3428203761577606
-0.4998793303966522,0.2132958471775055
3.099975109100342,0.6655734181404114
1.0613327026367188,0.4346582293510437
0.6656745076179504,0.31747713685035706
1.4215012788772583,0.32907554507255554
2.876983642578125,0.38990697264671326
0.9635326862335205,0.565821647644043
0.3960258364677429,0.35718095302581787
1.5895241498947144,0.7320188283920288
2.954392910003662,0.5538665056228638
0.18142908811569214,0.4084516167640686
1.1876376867294312,0.7649428248405457
0.27383893728256226,0.5109155178070068
1.4056204557418823,0.7281756401062012
0.5751051306724548,0.28884419798851013
0.8203327655792236,0.3214285373687744
1.074762225151062,0.5548068284988403
-0.2337929755449295,0.25442302227020264
2.2138185501098633,0.8092763423919678
0.25232359766960144,0.4266495704650879
0.6128730177879333,0.6263107061386108
0.9160088300704956,0.35775795578956604
1.6798787117004395,0.5276610255241394
1.2040553092956543,0.38897469639778137
1.3241740465164185,0.30125319957733154
0.5062294006347656,0.49378761649131775
1.2382334470748901,0.5382280349731445
1.4875593185424805,0.5155933499336243
1.6162649393081665,0.2472190111875534
0.7996260523796082,0.47588440775871277
0.05521809309720993,0.31898459792137146
-0.2459225058555603,0.26010406017303467
0.18142908811569214,0.4084516167640686
-0.4368087351322174,0.3503867983818054
-0.15006142854690552,0.32669249176979065
2.238776683807373,0.36402612924575806
0.40704160928726196,0.31681111454963684
2.1067986488342285,0.6931071877479553
2.8562369346618652,0.5199360847473145
0.1183716356754303,0.3428203761577606
0.4267190098762512,0.6476712226867676
2.5186588764190674,0.5675938725471497
0.8887233138084412,0.5698622465133667
0.4667966365814209,0.4160260260105133
0.686747670173645,0.3135877549648285
0.07904312014579773,0.35404545068740845
0.2055264264345169,0.3949090242385864
0.9817929267883301,0.6833958029747009
1.1354587078094482,0.6587791442871094
1.2847269773483276,0.4043499529361725
1.3599780797958374,0.2112952470779419
0.6183892488479614,0.28928685188293457
1.3586293458938599,0.480379194021225
1.6527003049850464,0.3426928222179413
-0.2192208468914032,0.3310582637786865
0.6252601146697998,0.3602668344974518
1.6479262113571167,0.5841248035430908
0.4933934211730957,0.29787567257881165
2.0457992553710938,0.7157022953033447
-0.2283554971218109,0.3995199501514435
0.010807575657963753,0.24552060663700104
0.6657993197441101,0.5481328368186951
1.4298168420791626,0.4675213694572449
2.005519390106201,0.7203564047813416
1.3475581407546997,0.7030071020126343
1.7890390157699585,0.4549247622489929
0.3960258364677429,0.35718095302581787
0.4621295928955078,0.1690373569726944
-0.2283554971218109,0.3995199501514435
0.48161977529525757,0.3653574585914612
-0.2337929755449295,0.25442302227020264
0.8205767869949341,0.3096749782562256
0.5936093926429749,0.5851238965988159
0.8203327655792236,0.3214285373687744
0.9171693921089172,0.40824151039123535
1.5324281454086304,0.7956539392471313
1.706863284111023,0.37109890580177307
0.1183716356754303,0.3428203761577606
0.5013681054115295,0.3274771571159363
2.391585111618042,0.8449741005897522
0.6719770431518555,0.5415799617767334
0.010807150974869728,0.5163275003433228
-0.15006142854690552,0.32669249176979065
2.4212355613708496,0.7061140537261963
0.8363527059555054,0.47814854979515076
2.618901014328003,0.4577350616455078
2.8250112533569336,0.42004770040512085
1.2046364545822144,0.189187690615654
0.6078065633773804,0.6444244384765625
2.107213258743286,0.5162869095802307
-0.04540436714887619,0.3283665180206299
0.2684003710746765,0.37010493874549866
0.8277139663696289,0.32389041781425476
1.7128826379776,0.38686877489089966
0.8294812440872192,0.45782822370529175
0.14770957827568054,0.3052400052547455
1.3427499532699585,0.37065914273262024
2.005519390106201,0.7203564047813416
0.26076173782348633,0.23864096403121948
0.8203327655792236,0.3214285373687744
-0.09539975225925446,0.453359991312027
1.1581666469573975,0.7945742607116699
0.9775943160057068,0.7019833326339722
0.10994967818260193,0.5249730348587036
0.3960258364677429,0.35718095302581787
-0.38139140605926514,0.3329969346523285
0.5990934371948242,0.6186962723731995
0.7065585255622864,0.6641519069671631
0.05521809309720993,0.31898459792137146
0.022012194618582726,0.2730461359024048
3.9085795879364014,0.6065764427185059
0.08664935827255249,0.48064494132995605
0.7623612284660339,0.6816461086273193
1.402253270149231,0.6280220746994019
1.1333701610565186,0.559026300907135
1.8924864530563354,0.5908886194229126
0.0766294002532959,0.4348866045475006
0.1183716356754303,0.3428203761577606
0.8905805349349976,0.7361974716186523
0.3588486909866333,0.39758792519569397
1.421816110610962,0.17092329263687134
0.9428606629371643,0.1589776575565338
0.686747670173645,0.3135877549648285
0.7317119836807251,0.43101707100868225
1.1263080835342407,0.8305959701538086
0.5359541773796082,0.7159283757209778
1.406798005104065,0.7285671830177307
1.3475581407546997,0.7030071020126343
0.1183716356754303,0.3428203761577606
0.18142908811569214,0.4084516167640686
1.6949578523635864,0.37341025471687317
1.568803071975708,0.8273618221282959
0.05521809309720993,0.31898459792137146
1.8342783451080322,0.6757711172103882
0.709186315536499,0.6802143454551697
2.8250112533569336,0.42004770040512085
0.5117291212081909,0.35788053274154663
0.3960258364677429,0.35718095302581787
0.7386773228645325,0.35752755403518677
1.1922178268432617,0.8675153255462646
0.889380693435669,0.4381011724472046
0.686747670173645,0.3135877549648285
1.242824912071228,0.9305886626243591
1.4049391746520996,0.6446977853775024
0.4007374048233032,0.36292433738708496
-0.5305590629577637,0.3146425187587738
0.07711514085531235,0.4437703788280487
1.0515055656433105,0.29716846346855164
1.3432047367095947,0.7765657901763916
1.3857041597366333,0.8296809792518616
1.0575836896896362,0.5978091955184937
1.5338727235794067,0.7303187251091003
0.7973065376281738,0.3288594186306
2.005519390106201,0.7203564047813416
0.4933934211730957,0.29787567257881165
1.5894674062728882,0.5594916343688965
1.4876784086227417,0.4211706817150116
0.7603973746299744,0.4005511701107025
0.32370027899742126,0.1675509661436081
2.6553597450256348,0.7531566023826599
1.7736753225326538,0.34869492053985596
0.8203327655792236,0.3214285373687744
0.7872357368469238,0.5404707193374634
1.7357927560806274,0.6572037935256958
0.1183716356754303,0.3428203761577606
1.126449704170227,0.47575676441192627
-0.2192208468914032,0.3310582637786865
0.7603973746299744,0.4005511701107025
1.9421769380569458,0.6421046257019043
0.13509178161621094,0.3943069279193878
0.539038896560669,0.2838377356529236
0.14770957827568054,0.3052400052547455
0.5512375831604004,0.43741586804389954
1.0919917821884155,0.5400234460830688
0.4007374048233032,0.36292433738708496
0.8203327655792236,0.3214285373687744
0.23988834023475647,0.43128857016563416
2.455016851425171,0.29705265164375305
0.3498534560203552,0.30988839268684387
0.5991091132164001,0.4530871510505676
0.9012607932090759,0.2888818383216858
0.9837992787361145,0.445557177066803
0.322928786277771,0.3556223213672638
1.2354987859725952,0.5915560722351074
-0.03557611256837845,0.3781518340110779
1.456032633781433,0.37573033571243286
3.876146078109741,0.6356471180915833
0.18142908811569214,0.4084516167640686
1.3586293458938599,0.480379194021225
4.13473653793335,0.18349112570285797
1.7003778219223022,0.5514177083969116
0.4007374048233032,0.36292433738708496
2.55121111869812,0.6640252470970154
0.18142908811569214,0.4084516167640686
1.683585524559021,0.6588516235351562
1.3586293458938599,0.480379194021225
0.7047175168991089,0.3330444395542145
0.5417705178260803,0.424025297164917
1.6093887090682983,0.754173755645752
1.4046810865402222,0.40597712993621826
0.8116331100463867,0.39643245935440063
0.49063658714294434,0.6489687561988831
0.686747670173645,0.3135877549648285
-0.2283554971218109,0.3995199501514435
0.7333238124847412,0.6502562761306763
-0.2942977547645569,0.5175076127052307
1.3907805681228638,0.702460765838623
1.33327054977417,0.8327257037162781
1.206790566444397,0.7118748426437378
0.05521809309720993,0.31898459792137146
1.588281273841858,0.6603636741638184
0.19259442389011383,0.4212644100189209
0.08008924126625061,0.780540943145752
0.8203327655792236,0.3214285373687744
0.1183716356754303,0.3428203761577606
0.4007374048233032,0.36292433738708496
0.3960258364677429,0.35718095302581787
1.391198754310608,0.6101596355438232
0.4933934211730957,0.29787567257881165
3.592057704925537,0.7241933345794678
1.8541923761367798,0.7140592336654663
0.46085745096206665,0.31731656193733215
1.3666554689407349,0.5830815434455872
1.6606372594833374,0.6564158201217651
0.8834589719772339,0.29326432943344116
0.0623946338891983,0.30192914605140686
1.297581672668457,0.4397510588169098
0.4007374048233032,0.36292433738708496
0.9984326362609863,0.7333984375
0.07051367312669754,0.4849429726600647
-0.2164691537618637,0.39434078335762024
0.5289872288703918,0.17243385314941406
0.3960258364677429,0.35718095302581787
1.3586293458938599,0.480379194021225
2.3250210285186768,0.34987932443618774
-0.2283554971218109,0.3995199501514435
0.7047175168991089,0.3330444395542145
1.093626618385315,0.39326703548431396
0.2790822982788086,0.34242334961891174
0.613919734954834,0.38538527488708496
1.3586293458938599,0.480379194021225
2.6628804206848145,0.43379342555999756
1.4469760656356812,0.8064546585083008
0.7762640714645386,0.4397704303264618
0.6051523685455322,0.46002882719039917
1.5252753496170044,0.7570030093193054
0.4007374048233032,0.36292433738708496
0.20395857095718384,0.21812795102596283
1.3058791160583496,0.3403986990451813
0.686747670173645,0.3135877549648285
2.3586573600769043,0.5577795505523682
0.6591574549674988,0.41763371229171753
1.6388167142868042,0.5433062314987183
1.6421971321105957,0.5205774307250977
-0.15006142854690552,0.32669249176979065
0.1356208324432373,0.22129017114639282
0.06778194010257721,0.6633846759796143
1.5302809476852417,0.8174149990081787
1.721567988395691,0.721065104007721
1.5252753496170044,0.7570030093193054
0.9789512753486633,0.2368125468492508
0.8462978601455688,0.5941841006278992
0.4007374048233032,0.36292433738708496
-0.29764601588249207,0.35915806889533997
0.31096112728118896,0.1592077761888504
0.8203327655792236,0.3214285373687744
2.0951454639434814,0.6310806274414062
-0.033678919076919556,0.30182963609695435
1.3548651933670044,0.45649421215057373
-0.6206965446472168,0.2854108214378357
1.5009286403656006,0.7538615465164185
0.5117291212081909,0.35788053274154663
1.5642508268356323,0.5062819123268127
1.871482253074646,0.5635982751846313
-0.15006142854690552,0.32669249176979065
0.44996967911720276,0.24930739402770996
1.4890295267105103,0.09195137023925781
1.1206687688827515,0.3931162357330322
0.09497477114200592,0.6146870255470276
2.6628804206848145,0.43379342555999756
1.0415434837341309,0.39957258105278015
1.441969633102417,0.6480319499969482
0.1183716356754303,0.3428203761577606
0.6543059349060059,0.18100164830684662
-0.0328933522105217,0.30400702357292175
1.3432047367095947,0.7765657901763916
1.4697222709655762,0.2690563201904297
0.7581690549850464,0.10847414284944534
0.48230206966400146,0.28078651428222656
0.5920138359069824,0.31846246123313904
1.0298452377319336,0.4981731176376343
-0.15006142854690552,0.32669249176979065
0.9051389694213867,0.3984202742576599
0.686747670173645,0.3135877549648285
0.7047175168991089,0.3330444395542145
0.7847954630851746,0.2145824432373047
0.3960258364677429,0.35718095302581787
2.0899226665496826,0.6982083916664124
2.437897205352783,0.4805694818496704
1.0892918109893799,0.8815120458602905
0.5205920934677124,0.295742928981781
1.2336041927337646,0.3011869490146637
1.803962230682373,0.6244831085205078
1.1251190900802612,0.29695671796798706
0.6704164147377014,0.7251057624816895
1.9933651685714722,0.7982791662216187
-0.016819966956973076,0.448451966047287
0.8376026749610901,0.3292861580848694
1.8030236959457397,0.6471593379974365
0.9020489454269409,0.5096144676208496
0.14770957827568054,0.3052400052547455
2.005519390106201,0.7203564047813416
2.250138759613037,0.4610343277454376
0.595899224281311,0.44787004590034485
0.5171710848808289,0.5004462599754333
1.0765646696090698,0.4297694265842438
1.3813847303390503,0.8439258933067322
0.3960258364677429,0.35718095302581787
0.4757845401763916,0.3119625747203827
0.2760748267173767,0.3764636814594269
0.686747670173645,0.3135877549648285
-0.2192208468914032,0.3310582637786865
2.0574569702148438,0.689765214920044
-0.2761448919773102,0.3545380234718323
-0.4879947304725647,0.2945905923843384
0.2971543073654175,0.32449087500572205
-0.10261061787605286,0.41210734844207764
1.1354587078094482,0.6587791442871094
0.3960258364677429,0.35718095302581787
1.7600840330123901,0.8312116861343384
1.5928300619125366,0.7226064205169678
0.3960258364677429,0.35718095302581787
0.1582997739315033,0.33032116293907166
0.1183716356754303,0.3428203761577606
2.3609137535095215,0.4991438388824463
2.192681074142456,0.32145029306411743
2.46160888671875,0.637157678604126
0.47910431027412415,0.19576524198055267
0.17947860062122345,0.34282800555229187
0.32353755831718445,0.34013989567756653
1.2508572340011597,0.3738103210926056
1.8650037050247192,0.2712070643901825
0.14770957827568054,0.3052400052547455
1.2189326286315918,0.7089371085166931
1.239741325378418,0.8497086763381958
1.4687038660049438,0.7413395047187805
2.876983642578125,0.38990697264671326
1.0613443851470947,0.6670929789543152
0.9203391671180725,0.6329813599586487
0.14770957827568054,0.3052400052547455
1.0380369424819946,0.4099276065826416
1.7007100582122803,0.5485388040542603
2.208918571472168,0.5912826061248779
1.2209986448287964,0.5206072330474854
1.3586293458938599,0.480379194021225
3.779709815979004,0.6351332664489746
1.0235235691070557,0.8409672379493713
0.2632289528846741,0.48222845792770386
-0.1820438951253891,0.18884481489658356
0.18142908811569214,0.4084516167640686
0.13346955180168152,0.34971389174461365
1.1425602436065674,0.48873427510261536
1.4906275272369385,0.7001177668571472
2.4426255226135254,0.5440844297409058
0.05521809309720993,0.31898459792137146
0.686747670173645,0.3135877549648285
0.48168039321899414,0.3707256317138672
1.329591155052185,0.38373878598213196
1.8036869764328003,0.8887067437171936
0.8661642074584961,0.27801695466041565
0.23363155126571655,0.30725306272506714
1.7393990755081177,0.8454098701477051
0.297672837972641,0.44726458191871643
1.709487795829773,0.48892486095428467
1.889719843864441,0.5261039733886719
1.3475581407546997,0.7030071020126343
0.48168039321899414,0.3707256317138672
1.889719843864441,0.5261039733886719
0.4933934211730957,0.29787567257881165
0.6496070623397827,0.23620474338531494
-0.6206965446472168,0.2854108214378357
0.8851974606513977,0.5563792586326599
1.2196422815322876,0.46174365282058716
-0.06615685671567917,0.23609943687915802
0.4007374048233032,0.36292433738708496
0.9543499946594238,0.5937113165855408
1.2196422815322876,0.46174365282058716
1.1412984132766724,0.265508234500885
1.106672763824463,0.5444677472114563
-0.24798163771629333,0.3035159707069397
-0.022410469129681587,0.830662727355957
0.22477003931999207,0.3503354787826538
0.7133568525314331,0.4620215594768524
0.3588486909866333,0.39758792519569397
1.8325861692428589,0.7424091696739197
1.127553105354309,0.4157744348049164
1.2045012712478638,0.2197728306055069
0.1183716356754303,0.3428203761577606
1.3148159980773926,0.5839786529541016
0.8391007781028748,0.32548007369041443
0.5117291212081909,0.35788053274154663
0.7133568525314331,0.4620215594768524
0.9686707258224487,0.46564432978630066
1.3586293458938599,0.480379194021225
1.6330288648605347,0.7490310668945312
0.1183716356754303,0.3428203761577606
0.18142908811569214,0.4084516167640686
0.9533343315124512,0.5964176058769226
2.005519390106201,0.7203564047813416
2.9418883323669434,0.39011701941490173
2.939985752105713,0.3950061500072479
-0.12872813642024994,0.49496743083000183
2.439180850982666,0.6939805150032043
0.686747670173645,0.3135877549648285
0.761954665184021,0.3854266107082367
0.5056557059288025,0.2857469618320465
1.1348533630371094,0.7074372172355652
0.0038955342024564743,0.12342221289873123
0.21774736046791077,0.24996910989284515
2.645869493484497,0.42879533767700195
0.3960258364677429,0.35718095302581787
2.7710676193237305,0.7388805150985718
2.645869493484497,0.42879533767700195
-0.12872813642024994,0.49496743083000183
-0.3211497664451599,0.25533440709114075
0.6719770431518555,0.5415799617767334
-0.6206965446472168,0.2854108214378357
0.4933934211730957,0.29787567257881165
-0.06064506620168686,0.5039898753166199
1.0374550819396973,0.6732627749443054
1.5563496351242065,0.5684787631034851
0.4933934211730957,0.29787567257881165
0.3804255723953247,0.27196842432022095
-0.12162398546934128,0.5992838740348816
0.8203327655792236,0.3214285373687744
0.33810171484947205,0.6040714383125305
1.5664809942245483,0.47064438462257385
-0.4295998811721802,0.28479018807411194
-0.15006142854690552,0.32669249176979065
-0.27648186683654785,0.3538694977760315
0.8203327655792236,0.3214285373687744
1.2840992212295532,0.6566801071166992
0.1183716356754303,0.3428203761577606
1.1660292148590088,0.40029776096343994
1.5295768976211548,0.5399318933486938
1.7373210191726685,0.5274232029914856
0.1183716356754303,0.3428203761577606
2.331972122192383,0.47673025727272034
0.854825496673584,0.17626403272151947
0.8116331100463867,0.39643245935440063
0.18142908811569214,0.4084516167640686
1.0274583101272583,0.5031101703643799
1.2223618030548096,0.4579375386238098
0.9412574172019958,0.7363932728767395
1.156896710395813,0.5391896367073059
1.1702910661697388,0.5141687393188477
1.1871707439422607,0.8330525755882263
2.954392910003662,0.5538665056228638
0.3498534560203552,0.30988839268684387
1.4469760656356812,0.8064546585083008
1.156896710395813,0.5391896367073059
1.5622285604476929,0.6401921510696411
1.1459091901779175,0.441042959690094
1.4469760656356812,0.8064546585083008
0.4007374048233032,0.36292433738708496
0.4741622805595398,0.45084404945373535
0.1183716356754303,0.3428203761577606
0.4933934211730957,0.29787567257881165
1.537566065788269,0.6558259725570679
0.22371086478233337,0.2279813438653946
0.3581392168998718,0.5663871169090271
1.2597094774246216,0.5483418107032776
1.4190831184387207,0.6994200944900513
2.0106935501098633,0.26110023260116577
1.2737278938293457,0.608719527721405
0.05521809309720993,0.31898459792137146
1.405849575996399,0.7510191202163696
0.8006519079208374,0.16123229265213013
0.1183716356754303,0.3428203761577606
-0.15006142854690552,0.32669249176979065
2.610647678375244,0.6750898957252502
-0.2820889353752136,0.25550830364227295
0.7530347108840942,0.5538022518157959
1.5710995197296143,0.5091491341590881
0.8203327655792236,0.3214285373687744
0.7882444262504578,0.4076123535633087
2.059945583343506,0.8243349194526672
-0.06433518975973129,0.49284517765045166
0.1183716356754303,0.3428203761577606
1.5326520204544067,0.757561206817627
0.05521809309720993,0.31898459792137146
0.5858779549598694,0.6360399127006531
0.18142908811569214,0.4084516167640686
1.2297018766403198,0.23423556983470917
0.4007374048233032,0.36292433738708496
1.666635274887085,0.6823569536209106
0.14770957827568054,0.3052400052547455
0.6867901086807251,0.24233737587928772
0.1183716356754303,0.3428203761577606
0.7809439897537231,0.3295884430408478
0.8203327655792236,0.3214285373687744
0.651397705078125,0.5333479642868042
2.5159807205200195,0.2279224842786789
0.14770957827568054,0.3052400052547455
0.4933934211730957,0.29787567257881165
1.581555962562561,0.243390753865242
1.4415026903152466,0.5767955780029297
1.0069125890731812,0.53965163230896
-0.42954617738723755,0.2985553741455078
0.8203327655792236,0.3214285373687744
1.7666922807693481,0.7403476238250732
0.05521809309720993,0.31898459792137146
-0.6206965446472168,0.2854108214378357
-0.12674500048160553,0.3510589897632599
0.05521809309720993,0.31898459792137146
-0.15006142854690552,0.32669249176979065
1.1871707439422607,0.8330525755882263
0.8203327655792236,0.3214285373687744
0.5500516891479492,0.32614845037460327
0.5874087810516357,0.43312060832977295
0.8834589719772339,0.29326432943344116
0.4808539152145386,0.572045624256134
0.18142908811569214,0.4084516167640686
0.7668078541755676,0.30415043234825134
1.5940632820129395,0.7293121814727783
0.8116331100463867,0.39643245935440063
2.005519390106201,0.7203564047813416
0.5386053323745728,0.5357637405395508
1.9628492593765259,0.7140644788742065
1.6202750205993652,0.3212015926837921
0.4007374048233032,0.36292433738708496
2.4668807983398438,0.3499562740325928
1.8242114782333374,0.7522361278533936
0.09956081211566925,0.5434694886207581
0.45754897594451904,0.5637323260307312
1.2821229696273804,0.39398249983787537
0.3630591630935669,0.32031992077827454
-0.05616497993469238,0.3739350140094757
1.3586293458938599,0.480379194021225
-0.10472612082958221,0.21383139491081238
0.5906503796577454,0.32511106133461
0.7047175168991089,0.3330444395542145
1.252670168876648,0.45980095863342285
0.8203327655792236,0.3214285373687744
1.483641266822815,0.4556598961353302
0.2683643102645874,0.511684000492096
0.18142908811569214,0.4084516167640686
-0.15006142854690552,0.32669249176979065
0.044712796807289124,0.37019580602645874
0.6344438791275024,0.4501648247241974
1.4223566055297852,0.5386967062950134
1.7504477500915527,0.5893101096153259
2.005519390106201,0.7203564047813416
0.8203327655792236,0.3214285373687744
1.1757081747055054,0.5625134706497192
1.2293586730957031,0.489971399307251
0.889380693435669,0.4381011724472046
1.4298168420791626,0.4675213694572449
1.805902123451233,0.8018392324447632
0.8203327655792236,0.3214285373687744
1.5810697078704834,0.6992267966270447
0.3239585757255554,0.6822552680969238
0.9826819896697998,0.31655704975128174
0.18142908811569214,0.4084516167640686
0.25474977493286133,0.5905538201332092
0.3830464482307434,0.44174516201019287
-0.16695575416088104,0.29095199704170227
0.2884765565395355,0.44314101338386536
0.7395116090774536,0.36080601811408997
0.12709540128707886,0.35955578088760376
1.2886191606521606,0.5191771388053894
2.5562753677368164,0.24995149672031403
0.18142908811569214,0.4084516167640686
2.005519390106201,0.7203564047813416
0.8851974606513977,0.5563792586326599
-0.04868090897798538,0.4843927323818207
2.005519390106201,0.7203564047813416
0.8006519079208374,0.16123229265213013
0.5906503796577454,0.32511106133461
1.4335272312164307,0.5099653005599976
1.709487795829773,0.48892486095428467
0.8956317901611328,0.5771360397338867
0.05521809309720993,0.31898459792137146
0.8297543525695801,0.2337205559015274
0.7133568525314331,0.4620215594768524
0.46109873056411743,0.6357011198997498
-0.2192208468914032,0.3310582637786865
1.7060149908065796,0.7454638481140137
2.714374542236328,0.6949804425239563
2.591952323913574,0.6294102072715759
0.1183716356754303,0.3428203761577606
2.0373153686523438,0.9083492159843445
0.0766294002532959,0.4348866045475006
1.8411775827407837,0.324566513299942
2.8563551902770996,0.33540424704551697
1.7238354682922363,0.59604412317276
1.1914324760437012,0.4700259864330292
0.5596716403961182,0.045251891016960144
0.5015478134155273,0.639912486076355
0.8894049525260925,0.5643535256385803
2.005519390106201,0.7203564047813416
0.7133568525314331,0.4620215594768524
0.761954665184021,0.3854266107082367
0.20512428879737854,0.38125377893447876
0.46085745096206665,0.31731656193733215
0.37859204411506653,0.49566009640693665
0.41640105843544006,0.4963890314102173
0.7649038434028625,0.5323092937469482
1.3586293458938599,0.480379194021225
1.5619275569915771,0.4324570596218109
0.4086534380912781,0.4350321590900421
0.18142908811569214,0.4084516167640686
1.3813847303390503,0.8439258933067322
0.5587148070335388,0.5897455811500549
0.04030722379684448,0.3635539412498474
0.03951744735240936,0.19199025630950928
2.1754488945007324,0.7055858373641968
0.4739335775375366,0.24122296273708344
0.17259952425956726,0.5661118030548096
0.48071467876434326,0.46226102113723755
0.47544366121292114,0.2912612557411194
2.618901014328003,0.4577350616455078
0.1183716356754303,0.3428203761577606
0.1183716356754303,0.3428203761577606
1.3586293458938599,0.480379194021225
1.3090192079544067,0.4913561940193176
0.23580068349838257,0.10566967725753784
0.209914892911911,0.21925194561481476
0.6718180179595947,0.5382047891616821
2.18131685256958,0.3984089493751526
1.6330288648605347,0.7490310668945312
0.4007374048233032,0.36292433738708496
1.151643991470337,0.9273785352706909
0.6303131580352783,0.33600351214408875
1.8740217685699463,0.6027354001998901
1.3143645524978638,0.6644399762153625
1.252670168876648,0.45980095863342285
1.2196422815322876,0.46174365282058716
0.4933934211730957,0.29787567257881165
0.43092894554138184,0.45080506801605225
1.7153606414794922,0.5236760973930359
2.5172295570373535,0.7589459419250488
2.633700370788574,0.4739760458469391
2.005519390106201,0.7203564047813416
-0.1261039525270462,0.48511916399002075
0.04764334857463837,0.4563347101211548
0.9098623991012573,0.3688752353191376
2.5044548511505127,0.39200133085250854
0.05521809309720993,0.31898459792137146
0.4933934211730957,0.29787567257881165
0.36419224739074707,0.26298221945762634
0.5544883012771606,0.45010286569595337
2.4247889518737793,0.38541722297668457
0.6532934904098511,0.304228276014328
0.7184354662895203,0.5151008367538452
0.34485524892807007,0.17189064621925354
2.5669493675231934,0.7529751062393188
-0.4282764792442322,0.30901265144348145
0.3960258364677429,0.35718095302581787
0.4933934211730957,0.29787567257881165
1.5448907613754272,0.5436545610427856
2.0563554763793945,0.636430561542511
2.0333261489868164,0.7478379011154175
2.3686342239379883,0.7172347903251648
0.3498534560203552,0.30988839268684387
0.806014895439148,0.41637057065963745
0.686747670173645,0.3135877549648285
0.1637425273656845,0.37882503867149353
0.1183716356754303,0.3428203761577606
2.2004313468933105,0.9355610609054565
0.686747670173645,0.3135877549648285
1.7814812660217285,0.15583349764347076
0.5777988433837891,0.18708209693431854
1.0892918109893799,0.8815120458602905
0.991808295249939,0.723082959651947
1.3284194469451904,0.5618391036987305
0.4933934211730957,0.29787567257881165
0.5692492723464966,0.2548447251319885
1.2847269773483276,0.4043499529361725
0.7047175168991089,0.3330444395542145
1.8699485063552856,0.8593738079071045
2.0189638137817383,0.2766619920730591
0.40162965655326843,0.4113515019416809
1.6244471073150635,0.7542698979377747
1.7985936403274536,0.6281253099441528
1.432332158088684,0.47390198707580566
1.7358943223953247,0.26173436641693115
0.48168039321899414,0.3707256317138672
2.102530002593994,0.17363429069519043
0.18142908811569214,0.4084516167640686
-0.4368087351322174,0.3503867983818054
0.827897846698761,0.5539303421974182
-0.014869136735796928,0.3421831429004669
1.9541045427322388,0.661491870880127
1.4469760656356812,0.8064546585083008
2.040517568588257,0.5213437676429749
0.6682429313659668,0.4522446095943451
0.3809831440448761,0.3630327880382538
2.3502469062805176,0.3236769139766693
1.3427499532699585,0.37065914273262024
0.6094120740890503,0.1997569352388382
0.4933934211730957,0.29787567257881165
0.5429666042327881,0.6945551633834839
-0.0055774059146642685,0.1964908391237259
2.413198471069336,0.4682193696498871
0.7227604389190674,0.4072723686695099
2.7461628913879395,0.4593134820461273
0.07898420095443726,0.4753243625164032
0.6216896772384644,0.5680804252624512
0.10476645082235336,0.45279109477996826
1.4258853197097778,0.5073186755180359
-0.2246803641319275,0.5232284665107727
0.8527945876121521,0.34835684299468994
0.9929826259613037,0.5699353814125061
0.8203327655792236,0.3214285373687744
1.9130823612213135,0.811369776725769
1.3646284341812134,0.4463310241699219
2.0458006858825684,0.6233689785003662
0.0018156040459871292,0.46379128098487854
1.490412950515747,0.3939032256603241
0.7224270105361938,0.43536171317100525
1.1730718612670898,0.2625497579574585
1.3666554689407349,0.5830815434455872
0.8228923678398132,0.6041375398635864
0.8591234683990479,0.3090950548648834
0.9770181179046631,0.26214149594306946
0.30332398414611816,0.288092702627182
0.1183716356754303,0.3428203761577606
0.05521809309720993,0.31898459792137146
0.3498534560203552,0.30988839268684387
0.3498534560203552,0.30988839268684387
1.2382763624191284,0.4845152199268341
0.14770957827568054,0.3052400052547455
0.15772508084774017,0.4199487268924713
0.9837992787361145,0.445557177066803
0.5205920934677124,0.295742928981781
0.6565653085708618,0.3045232892036438
1.2759476900100708,0.3908942639827728
0.0965164452791214,0.2321438044309616
1.7700992822647095,0.5059802532196045
4.009756088256836,0.5985849499702454
0.9971953630447388,0.27665776014328003
0.9476702213287354,0.5010462999343872
0.38243645429611206,0.35510894656181335
0.3960258364677429,0.35718095302581787
1.62124764919281,0.15154819190502167
2.6239352226257324,0.8109687566757202
-0.4236518144607544,0.3947530686855316
0.38243645429611206,0.35510894656181335
2.685584545135498,0.8803709745407104
1.4905964136123657,0.47131970524787903
1.1368120908737183,0.7845492959022522
1.5528221130371094,0.560934841632843
1.5478445291519165,0.697909951210022
1.9524521827697754,0.8963831663131714
0.48168039321899414,0.3707256317138672
1.2597094774246216,0.5483418107032776
1.4677554368972778,0.5262192487716675
0.05521809309720993,0.31898459792137146
-0.2192208468914032,0.3310582637786865
0.3960258364677429,0.35718095302581787
0.7133568525314331,0.4620215594768524
0.05521809309720993,0.31898459792137146
1.742965817451477,0.33021560311317444
0.05521809309720993,0.31898459792137146
0.722283124923706,0.6052203178405762
-0.07789073884487152,0.36464783549308777
-0.2820889353752136,0.25550830364227295
0.2563391327857971,0.5591509938240051
-0.2820889353752136,0.25550830364227295
0.3337101936340332,0.6360118985176086
0.4701359272003174,0.13976868987083435
0.24979400634765625,0.3544979393482208
0.5991091132164001,0.4530871510505676
2.9418883323669434,0.39011701941490173
1.4298168420791626,0.4675213694572449
1.2196422815322876,0.46174365282058716
1.3813847303390503,0.8439258933067322
0.8203327655792236,0.3214285373687744
1.180019736289978,0.6536149382591248
1.177371859550476,0.5183162689208984
0.9887836575508118,0.6136578917503357
0.4933934211730957,0.29787567257881165
-0.10775372385978699,0.5226132273674011
1.5003172159194946,0.9463546872138977
0.1183716356754303,0.3428203761577606
0.1183716356754303,0.3428203761577606
0.19642090797424316,0.2736275792121887
0.14770957827568054,0.3052400052547455
0.4007374048233032,0.36292433738708496
0.16132044792175293,0.5192458629608154
0.07582348585128784,0.1916893571615219
1.026784062385559,0.5009583830833435
0.7249437570571899,0.20179861783981323
-0.1367836892604828,0.31801068782806396
-0.3051390051841736,0.10745520144701004
1.3586293458938599,0.480379194021225
0.889380693435669,0.4381011724472046
0.664098858833313,0.38087812066078186
0.26027488708496094,0.5794621109962463
1.2354987859725952,0.5915560722351074
2.1574835777282715,0.42804625630378723
0.14770957827568054,0.3052400052547455
0.3960258364677429,0.35718095302581787
1.3307771682739258,0.5069928765296936
0.15815097093582153,0.32823967933654785
1.8650037050247192,0.2712070643901825
0.1201305240392685,0.22294141352176666
0.3498534560203552,0.30988839268684387
-0.2761448919773102,0.3545380234718323
1.6897209882736206,0.3600974977016449
3.0956690311431885,0.3042202293872833
0.35029423236846924,0.7974120378494263
0.8203327655792236,0.3214285373687744
-0.15006142854690552,0.32669249176979065
1.7736800909042358,0.7222789525985718
0.797936737537384,0.51310795545578
1.1871707439422607,0.8330525755882263
1.252670168876648,0.45980095863342285
2.0756020545959473,0.7768992185592651
-0.4170486032962799,0.29441723227500916
0.6747071146965027,0.4007575213909149
1.3813847303390503,0.8439258933067322
1.5633398294448853,0.5496612787246704
0.6678029894828796,0.3691927492618561
0.5056557059288025,0.2857469618320465
1.3272271156311035,0.4024018347263336
1.2641490697860718,0.8249557018280029
1.2142194509506226,0.6736276149749756
0.3364331126213074,0.629757285118103
0.44623810052871704,0.5711049437522888
2.517078399658203,0.4668214023113251
2.317800760269165,0.433146595954895
0.3960258364677429,0.35718095302581787
0.014505567029118538,0.23825496435165405
1.2417891025543213,0.6872959136962891
1.3630996942520142,0.828753650188446
1.1072546243667603,0.3562225103378296
2.6628804206848145,0.43379342555999756
0.3960258364677429,0.35718095302581787
0.6589668989181519,0.4809019863605499
1.4813536405563354,0.740319013595581
0.17925018072128296,0.24342653155326843
1.695634365081787,0.5770090818405151
1.0671252012252808,0.5446745753288269
1.5082231760025024,0.4683566689491272
1.0765646696090698,0.4297694265842438
0.4933934211730957,0.29787567257881165
1.259921908378601,0.3369280695915222
2.645869493484497,0.42879533767700195
0.14770957827568054,0.3052400052547455
1.1923352479934692,0.6929548978805542
0.7965496778488159,0.4096031188964844
1.4298168420791626,0.4675213694572449
-0.2820889353752136,0.25550830364227295
1.1386154890060425,0.19306033849716187
-0.5787118673324585,0.28319239616394043
0.687595009803772,0.33717647194862366
0.35798200964927673,0.2197161465883255
1.4906275272369385,0.7001177668571472
0.5692492723464966,0.2548447251319885
0.2344062179327011,0.3485318124294281
1.053189992904663,0.43061840534210205
0.4007374048233032,0.36292433738708496
0.686747670173645,0.3135877549648285
0.1183716356754303,0.3428203761577606
0.6366633772850037,0.3850872814655304
0.5709829926490784,0.4542485177516937
-0.18184849619865417,0.361337274312973
1.1862033605575562,0.4575435221195221
-0.061566635966300964,0.5083853602409363
0.7623612284660339,0.6816461086273193
0.05521809309720993,0.31898459792137146
1.367042064666748,0.29925909638404846
0.9160088300704956,0.35775795578956604
1.4712220430374146,0.26421189308166504
2.639721393585205,0.4299653172492981
1.503961205482483,0.4867660105228424
1.1347180604934692,0.6020610332489014
2.6628804206848145,0.43379342555999756
0.8260895013809204,0.592693567276001
0.5565543174743652,0.49162834882736206
-0.16758261620998383,0.23575276136398315
-0.6143427491188049,0.28920483589172363
1.6937648057937622,0.7619602680206299
0.05521809309720993,0.31898459792137146
0.43338268995285034,0.26814597845077515
1.3387550115585327,0.7949432134628296
-0.6612769961357117,0.44781750440597534
0.7133568525314331,0.4620215594768524
0.686747670173645,0.3135877549648285
0.1183716356754303,0.3428203761577606
0.5205920934677124,0.295742928981781
1.0081181526184082,0.5529866814613342
0.2182297706604004,0.20004276931285858
0.1183716356754303,0.3428203761577606
2.104825735092163,0.5317133069038391
0.366144061088562,0.6313576698303223
0.05521809309720993,0.31898459792137146
1.1045112609863281,0.3670264482498169
1.7357927560806274,0.6572037935256958
0.6893779039382935,0.18258249759674072
0.22998057305812836,0.541641116142273
0.4271396994590759,0.701017439365387
0.574142575263977,0.5023348331451416
1.3893660306930542,0.8065946102142334
1.3586293458938599,0.480379194021225
0.6996688842773438,0.7047779560089111
-0.2283554971218109,0.3995199501514435
0.9187757968902588,0.6123788952827454
0.8851165771484375,0.46152207255363464
1.4469760656356812,0.8064546585083008
0.9929810762405396,0.8054082989692688
1.0274583101272583,0.5031101703643799
0.14770957827568054,0.3052400052547455
0.8260895013809204,0.592693567276001
0.34340548515319824,0.3785729706287384
0.5359541773796082,0.7159283757209778
0.7630173563957214,0.5160303711891174
2.6628804206848145,0.43379342555999756
0.4933934211730957,0.29787567257881165
2.3868329524993896,0.7710714340209961
0.14770957827568054,0.3052400052547455
1.8326961994171143,0.5241395831108093
1.1472796201705933,0.4837028384208679
0.3999190926551819,0.5827031135559082
1.6263593435287476,0.48488691449165344
1.471500277519226,0.24936343729496002
0.7847954630851746,0.2145824432373047
0.18142908811569214,0.4084516167640686
-0.09320765733718872,0.2903573215007782
1.7572238445281982,0.6990834474563599
0.3141622543334961,0.7677519917488098
1.7610126733779907,0.7059800028800964
1.2967840433120728,0.4269056022167206
0.5056557059288025,0.2857469618320465
-0.003153568133711815,0.43753984570503235
1.8611952066421509,0.4770018756389618
0.06593869626522064,0.480997234582901
1.4469760656356812,0.8064546585083008
2.135153293609619,0.5418840646743774
0.9810494780540466,0.330757737159729
-0.4368087351322174,0.3503867983818054
0.8363711833953857,0.7514675259590149
1.2309671640396118,0.27504339814186096
1.5074206590652466,0.340377539396286
-0.0038706567138433456,0.6741259098052979
1.5352801084518433,0.8085865378379822
0.45568642020225525,0.5102891325950623
-0.15006142854690552,0.32669249176979065
0.7107893824577332,0.6654365658760071
0.4985204339027405,0.39628398418426514
0.8116331100463867,0.39643245935440063
1.2237619161605835,0.7941100597381592
0.40198445320129395,0.5511373281478882
0.8527945876121521,0.34835684299468994
1.4399998188018799,0.3936125636100769
0.14770957827568054,0.3052400052547455
-0.25389567017555237,0.3638823628425598
-0.04857325553894043,0.5263432860374451
0.4007374048233032,0.36292433738708496
0.8956317901611328,0.5771360397338867
1.1354587078094482,0.6587791442871094
0.4007374048233032,0.36292433738708496
0.1611110419034958,0.6083598136901855
1.4677554368972778,0.5262192487716675
1.6973737478256226,0.7263603806495667
1.3586293458938599,0.480379194021225
4.8191399574279785,0.2006346881389618
1.16106379032135,0.4926222264766693
0.9148690700531006,0.6071467399597168
0.14770957827568054,0.3052400052547455
1.1491624116897583,0.39849117398262024
-0.003153568133711815,0.43753984570503235
0.8956317901611328,0.5771360397338867
1.4957355260849,0.6913377046585083
2.5094380378723145,0.8806487321853638
0.40198445320129395,0.5511373281478882
0.4933934211730957,0.29787567257881165
0.1183716356754303,0.3428203761577606
0.827897846698761,0.5539303421974182
-0.27648186683654785,0.3538694977760315
0.14102138578891754,0.4112224876880646
0.22866128385066986,0.5224705934524536
0.5906503796577454,0.32511106133461
1.71035897731781,0.7032459378242493
0.4757845401763916,0.3119625747203827
-0.03870886564254761,0.4482165575027466
