0.5674955248832703,0.5543559789657593,0.37164583802223206
0.9537530541419983,0.17910322546958923,0.6308838725090027
0.6379005312919617,0.2630830705165863,0.5984876155853271
1.2047356367111206,0.4167863130569458,0.6484135389328003
1.8965777158737183,0.43907126784324646,0.6273422837257385
2.9151973724365234,0.19707812368869781,0.3749198317527771
1.7313348054885864,0.7924956679344177,0.5547013282775879
1.2507928609848022,0.4776090383529663,0.575433611869812
0.8211109638214111,0.44775477051734924,0.43528231978416443
0.5391363501548767,0.6559456586837769,0.41975677013397217
0.17620298266410828,0.7294028401374817,0.3134842813014984
1.103310465812683,0.5837491154670715,0.31058138608932495
2.353790521621704,0.3899232745170593,0.48419103026390076
2.040517568588257,0.4047718644142151,0.5213437676429749
0.03372875601053238,0.23308373987674713,0.224289670586586
0.5581990480422974,0.5317811965942383,0.582281768321991
1.2694975137710571,0.5792230367660522,0.5176146626472473
2.1814355850219727,0.3290817439556122,0.7338258624076843
1.5630340576171875,0.5493141412734985,0.518410325050354
2.002171039581299,0.41675901412963867,0.62165367603302
0.2132815271615982,0.711306095123291,0.3209969401359558
2.367124080657959,0.18443484604358673,0.6582362055778503
1.1845934391021729,0.5735750794410706,0.4507124125957489
1.030511736869812,0.5495594143867493,0.356446236371994
0.710087776184082,0.4788496792316437,0.2871195375919342
1.184576153755188,0.29527562856674194,0.41243118047714233
2.005519390106201,0.34952691197395325,0.7203564047813416
0.2660670876502991,0.1812857985496521,0.6434845924377441
1.8191272020339966,0.6026843190193176,0.457047700881958
0.3574008345603943,0.24075311422348022,0.5175527334213257
1.2466591596603394,0.7897428870201111,0.6588080525398254
1.2475788593292236,0.2652272582054138,0.5320670008659363
1.4388567209243774,0.40726354718208313,0.5242519974708557
1.5436248779296875,0.6643455624580383,0.6359245181083679
1.194351315498352,0.366542249917984,0.44175460934638977
-0.6206965446472168,0.6809204816818237,0.2854108214378357
2.064422369003296,0.5659018158912659,0.6166885495185852
0.19629335403442383,0.24654875695705414,0.549289345741272
-0.2916206121444702,0.9015912413597107,0.2607920169830322
0.7956591248512268,0.6143670082092285,0.3274155557155609
2.002171039581299,0.41675901412963867,0.62165367603302
1.73776376247406,0.36840784549713135,0.4692903161048889
-0.26546913385391235,0.6108899116516113,0.47533026337623596
0.944938063621521,0.6167665719985962,0.4871006906032562
0.658905029296875,0.4804774820804596,0.5028774738311768
1.5389602184295654,0.11121726036071777,0.558749258518219
0.8361566066741943,0.4121871590614319,0.5029724836349487
2.038393020629883,0.5213571190834045,0.5180923342704773
1.1706069707870483,0.5387250781059265,0.3861003816127777
0.5469318628311157,0.17670583724975586,0.6062766313552856
0.9658102989196777,0.4698222875595093,0.6240143775939941
0.14770957827568054,0.6872367262840271,0.3052400052547455
0.41277754306793213,0.5579774379730225,0.49960315227508545
1.030511736869812,0.5495594143867493,0.356446236371994
2.6282570362091064,0.35544610023498535,0.42888468503952026
0.9772911071777344,0.6232722997665405,0.2603864371776581
-0.2722250819206238,0.6326782703399658,0.25704196095466614
0.8084297180175781,0.4367758333683014,0.5018250942230225
0.6917506456375122,0.43645042181015015,0.4476744830608368
1.0033044815063477,0.5380661487579346,0.28974461555480957
0.07051367312669754,0.5539366006851196,0.4849429726600647
0.527253270149231,0.36905601620674133,0.32120031118392944
0.549352765083313,0.5995422601699829,0.44690635800361633
0.8299785852432251,0.6089474558830261,0.2828250229358673
2.064422369003296,0.5659018158912659,0.6166885495185852
1.5900992155075073,0.7777617573738098,0.24155950546264648
0.2620190978050232,0.4434453845024109,0.7135186791419983
0.5955615043640137,0.5240028500556946,0.45144984126091003
0.9930471181869507,0.531254768371582,0.5758885741233826
0.39710214734077454,0.22600683569908142,0.48865795135498047
0.9161657691001892,0.5140597820281982,0.2905154824256897
0.17947860062122345,0.6883935332298279,0.34282800555229187
0.14770957827568054,0.6872367262840271,0.3052400052547455
1.1677433252334595,0.3948439657688141,0.8192411065101624
0.12398189306259155,0.776515007019043,0.6605840921401978
2.0202550888061523,0.4957444369792938,0.5836609601974487
1.4661589860916138,0.1922827661037445,0.3057374954223633
0.16498181223869324,0.3064647912979126,0.5197585225105286
2.6318163871765137,0.10841482877731323,0.7048771381378174
1.032462477684021,0.40858861804008484,0.5677152872085571
0.9317965507507324,0.6425482034683228,0.2200257033109665
1.503961205482483,0.5714966058731079,0.4867660105228424
1.737338662147522,0.2851642966270447,0.5429823994636536
1.1478484869003296,0.28713634610176086,0.6894406676292419
0.526233434677124,0.4119693636894226,0.6345228552818298
2.176696300506592,0.5214318037033081,0.3295971751213074
1.0182584524154663,0.5906519293785095,0.48926571011543274
0.3269561231136322,0.6714332699775696,0.49434441328048706
0.08025476336479187,0.4131253659725189,0.37532609701156616
0.405880331993103,0.5546078681945801,0.3005381226539612
0.5551692843437195,0.7580345869064331,0.17237433791160583
0.48923033475875854,0.6099231243133545,0.42293745279312134
0.5077686309814453,0.5847456455230713,0.5363464951515198
0.810711681842804,0.17143909633159637,0.5435045957565308
1.3518563508987427,0.5132624506950378,0.48605549335479736
1.5589107275009155,0.43541666865348816,0.6126136779785156
0.6902719736099243,0.5635249614715576,0.4311996400356293
1.4659699201583862,0.4427041709423065,0.5822767019271851
2.0802063941955566,0.44103288650512695,0.7718376517295837
0.4379063844680786,0.9254456758499146,0.06441261619329453
1.0168591737747192,0.3847808837890625,0.4347749650478363
0.547227144241333,0.8702723979949951,0.1342046856880188
1.2828922271728516,0.483951598405838,0.5022708177566528
0.10569575428962708,0.349336713552475,0.4051178991794586
0.6433032751083374,0.31814056634902954,0.6755523681640625
1.5028992891311646,0.11952254176139832,0.7493782043457031
1.2719576358795166,0.46028926968574524,0.6589210629463196
0.14770957827568054,0.6872367262840271,0.3052400052547455
1.8812371492385864,0.3366888165473938,0.5542941689491272
0.6213212013244629,0.2716537117958069,0.3473508954048157
1.4252543449401855,0.4667043089866638,0.466472327709198
1.720781922340393,0.23434686660766602,0.5144525170326233
1.294524908065796,0.07387546449899673,0.8047152757644653
0.8514404296875,0.5406044721603394,0.5785663723945618
0.23511138558387756,0.8026872873306274,0.48571184277534485
0.6682186126708984,0.3820192813873291,0.434032142162323
1.428494930267334,0.7886897921562195,0.6022594571113586
2.156369209289551,0.5163705945014954,0.42730948328971863
0.6454043388366699,0.20107527077198029,0.6369441151618958
0.8919152021408081,0.5328174829483032,0.3339107036590576
1.362106204032898,0.43423959612846375,0.5610483884811401
1.0155459642410278,0.27556055784225464,0.558214008808136
0.9887836575508118,0.16323667764663696,0.6136578917503357
0.6552583575248718,0.6109292507171631,0.34690061211586
0.6493185758590698,0.776404082775116,0.21671582758426666
0.2707926034927368,0.41605594754219055,0.5175168514251709
1.431587815284729,0.19194404780864716,0.5476979613304138
-0.39745840430259705,0.7261414527893066,0.39860352873802185
0.6592401266098022,0.8238489627838135,0.5511965751647949
0.6210289001464844,0.6877235174179077,0.3018399775028229
0.435030996799469,0.6664879322052002,0.37674421072006226
1.206790566444397,0.36522069573402405,0.7118748426437378
0.7206509113311768,0.6877695322036743,0.6172634363174438
0.36012399196624756,0.47624024748802185,0.19326405227184296
-0.24270696938037872,0.6951392292976379,0.194315567612648
1.261582612991333,0.6340906023979187,0.4234065115451813
2.1389307975769043,0.4493694603443146,0.47975149750709534
1.8842493295669556,0.47508561611175537,0.6244770884513855
1.1224820613861084,0.6133764982223511,0.3159414529800415
2.005519390106201,0.34952691197395325,0.7203564047813416
1.3949792385101318,0.7123293280601501,0.5600294470787048
0.38824647665023804,0.23232068121433258,0.4180917739868164
1.0171294212341309,0.8336830735206604,0.37708646059036255
0.03716042637825012,0.40355297923088074,0.32886576652526855
0.9503383040428162,0.1804448664188385,0.6280030608177185
1.6108125448226929,0.2404392659664154,0.396631121635437
0.5824277400970459,0.22092601656913757,0.5110328793525696
0.9105492234230042,0.4120786786079407,0.27728089690208435
1.0251275300979614,0.2938438057899475,0.5948939323425293
2.3539490699768066,0.45061424374580383,0.3999554216861725
0.978079080581665,0.5311509966850281,0.551042377948761
0.58376544713974,0.5252984762191772,0.42646440863609314
0.5824277400970459,0.22092601656913757,0.5110328793525696
1.3927602767944336,0.4180545508861542,0.3485996425151825
0.43746817111968994,0.37968873977661133,0.5281836986541748
0.07182346284389496,0.2513189911842346,0.4436516761779785
2.4492685794830322,0.36372143030166626,0.47891417145729065
1.4142861366271973,0.715977132320404,0.6465902924537659
1.8929201364517212,0.5251973867416382,0.7200352549552917
2.928391218185425,0.3863319456577301,0.6050379276275635
1.3927602767944336,0.4180545508861542,0.3485996425151825
2.196256637573242,0.5726694464683533,0.27545446157455444
1.265205979347229,0.15152017772197723,0.8129854798316956
0.9521900415420532,0.5220077037811279,0.4261549115180969
1.2238672971725464,0.5572066307067871,0.5476059317588806
0.2132815271615982,0.711306095123291,0.3209969401359558
2.3539490699768066,0.45061424374580383,0.3999554216861725
0.17620298266410828,0.7294028401374817,0.3134842813014984
2.0201356410980225,0.3978140950202942,0.4697014391422272
1.1813002824783325,0.30683189630508423,0.5845720767974854
-0.24969547986984253,0.2549353241920471,0.516808271408081
0.5070576667785645,0.6708481311798096,0.337667852640152
0.6239107847213745,0.33347493410110474,0.40861231088638306
1.056099534034729,0.4416644871234894,0.40536177158355713
1.374778151512146,0.1950300633907318,0.7278059124946594
1.6967023611068726,0.6478102803230286,0.34988364577293396
0.22123727202415466,0.7062765955924988,0.3663981854915619
0.8919152021408081,0.5328174829483032,0.3339107036590576
1.8802658319473267,0.4119715988636017,0.638030469417572
1.506696105003357,0.173511803150177,0.5081611275672913
2.052830934524536,0.46560341119766235,0.6940574049949646
1.463072657585144,0.262405127286911,0.5386420488357544
0.5070576667785645,0.6708481311798096,0.337667852640152
0.6657220125198364,0.11942601948976517,0.7429812550544739
1.5159260034561157,0.2980675995349884,0.6878432035446167
2.005519390106201,0.34952691197395325,0.7203564047813416
1.575835108757019,0.3397430181503296,0.6640021204948425
1.7808409929275513,0.20505081117153168,0.7197437882423401
1.347039818763733,0.22460100054740906,0.43393945693969727
0.9262017011642456,0.596345067024231,0.2815503478050232
0.6012317538261414,0.4080677330493927,0.41960063576698303
1.3409243822097778,0.6105978488922119,0.5958858728408813
0.6369389891624451,0.38059136271476746,0.394643098115921
0.7135523557662964,0.5077088475227356,0.503176748752594
1.3376827239990234,0.23488222062587738,0.7196366786956787
1.6573020219802856,0.23906314373016357,0.6392547488212585
1.206790566444397,0.36522069573402405,0.7118748426437378
0.9786455035209656,0.3975967466831207,0.4215582609176636
0.9493973255157471,0.7678964734077454,0.5696634650230408
1.0301711559295654,0.38129571080207825,0.4281027019023895
0.20363692939281464,0.5132517218589783,0.27332937717437744
0.8550814986228943,0.19604480266571045,0.6329790353775024
0.3095742464065552,0.37639740109443665,0.7452384233474731
1.4659699201583862,0.4427041709423065,0.5822767019271851
1.2061816453933716,0.9106409549713135,0.5144707560539246
1.362106204032898,0.43423959612846375,0.5610483884811401
1.194351315498352,0.366542249917984,0.44175460934638977
0.7028441429138184,0.14525088667869568,0.639477550983429
0.9369909763336182,0.7196823358535767,0.5045342445373535
0.1183716356754303,0.6763725876808167,0.3428203761577606
0.4707435369491577,0.6845152378082275,0.3783244490623474
1.194351315498352,0.366542249917984,0.44175460934638977
0.7783471345901489,0.71114182472229,0.7265154719352722
-0.2059723436832428,0.3242916464805603,0.3456483781337738
1.6598498821258545,0.46646806597709656,0.33155131340026855
1.206790566444397,0.36522069573402405,0.7118748426437378
1.0210719108581543,0.5197413563728333,0.2533635199069977
0.8207677602767944,0.3999388813972473,0.23223081231117249
1.184576153755188,0.29527562856674194,0.41243118047714233
0.9187542200088501,0.3836279809474945,0.39197561144828796
0.8164880871772766,0.40720441937446594,0.4161182940006256
1.740435242652893,0.7099595069885254,0.5391150116920471
1.1149704456329346,0.7323262691497803,0.5038630366325378
1.4295775890350342,0.5599175095558167,0.36715754866600037
0.542451024055481,0.6010244488716125,0.5082763433456421
1.030511736869812,0.5495594143867493,0.356446236371994
1.4721697568893433,0.39242109656333923,0.5690805315971375
0.5263773202896118,0.39117226004600525,0.522729218006134
2.9191336631774902,0.46985381841659546,0.8780344724655151
2.005519390106201,0.34952691197395325,0.7203564047813416
0.8270225524902344,0.28308892250061035,0.34151148796081543
-0.5220996141433716,0.331486314535141,0.432505339384079
1.84677255153656,0.3122622072696686,0.3582419157028198
1.0830591917037964,0.49495044350624084,0.7173935770988464
0.7028297185897827,0.27895548939704895,0.5955747365951538
2.005519390106201,0.34952691197395325,0.7203564047813416
1.5612534284591675,0.5546320676803589,0.44028836488723755
1.2034307718276978,0.2896786332130432,0.7077552080154419
0.8919152021408081,0.5328174829483032,0.3339107036590576
1.7480746507644653,0.6234455108642578,0.5101397037506104
1.362106204032898,0.43423959612846375,0.5610483884811401
0.872402548789978,0.3858584463596344,0.40778347849845886
1.4798763990402222,0.40659454464912415,0.42570996284484863
1.079652190208435,0.6847832202911377,0.2107153832912445
0.8942212462425232,0.29881933331489563,0.47231465578079224
1.1150096654891968,0.49369537830352783,0.3215729594230652
0.9042475819587708,0.5026490688323975,0.37265175580978394
1.4388567209243774,0.40726354718208313,0.5242519974708557
-0.529217004776001,0.7224640250205994,0.3528830111026764
0.4595572054386139,0.6165528297424316,0.473332017660141
0.7593730688095093,0.3556859493255615,0.5791019797325134
0.9252251386642456,0.15127278864383698,0.7449730634689331
1.3637515306472778,0.3974762260913849,0.4278907775878906
0.14770957827568054,0.6872367262840271,0.3052400052547455
-0.15910877287387848,0.778438150882721,0.2974950671195984
1.4388567209243774,0.40726354718208313,0.5242519974708557
1.7411847114562988,0.4052947461605072,0.6358506083488464
1.5036505460739136,0.36280474066734314,0.49742642045021057
0.36861246824264526,0.9248676896095276,0.14360402524471283
0.7903238534927368,0.55062335729599,0.35133543610572815
0.17103581130504608,0.5190998315811157,0.43832942843437195
0.14770957827568054,0.6872367262840271,0.3052400052547455
0.12368625402450562,0.6171618700027466,0.5331382751464844
0.5134320259094238,0.8188028335571289,0.15365245938301086
1.6019011735916138,0.5051369071006775,0.38363468647003174
0.7624220848083496,0.614238440990448,0.5248474478721619
1.2557417154312134,0.43615633249282837,0.34505191445350647
1.463072657585144,0.262405127286911,0.5386420488357544
0.13295504450798035,0.5949327945709229,0.5151672959327698
0.47740715742111206,0.47849297523498535,0.4447786509990692
0.7160597443580627,0.59229576587677,0.3961469233036041
1.030511736869812,0.5495594143867493,0.356446236371994
0.21313637495040894,0.7578375339508057,0.29010245203971863
0.8788914680480957,0.424550324678421,0.3560018241405487
0.5080718994140625,0.25785964727401733,0.650313675403595
0.9119695425033569,0.5625558495521545,0.5273292660713196
0.875762939453125,0.5462663173675537,0.20442701876163483
1.8667606115341187,0.3758203983306885,0.43222540616989136
1.375887393951416,0.7726952433586121,0.4802979528903961
2.3757424354553223,0.3648984730243683,0.4595625698566437
0.17620298266410828,0.7294028401374817,0.3134842813014984
-0.5220996141433716,0.331486314535141,0.432505339384079
0.6657220125198364,0.11942601948976517,0.7429812550544739
0.8919152021408081,0.5328174829483032,0.3339107036590576
0.9957872629165649,0.4564487040042877,0.5236193537712097
1.3362703323364258,0.36147990822792053,0.35547342896461487
0.8357982635498047,0.7678288221359253,0.39397764205932617
0.46085745096206665,0.6027392745018005,0.31731656193733215
0.6864937543869019,0.7433433532714844,0.1851509064435959
1.030511736869812,0.5495594143867493,0.356446236371994
1.622979998588562,0.6555104851722717,0.5519628524780273
1.3839765787124634,0.6431233286857605,0.589860200881958
1.734801173210144,0.18914487957954407,0.6835831999778748
0.7117457985877991,0.30941906571388245,0.49662402272224426
1.1540457010269165,0.3101990520954132,0.5751696825027466
0.8887550830841064,0.2774265706539154,0.6331332921981812
0.2132815271615982,0.711306095123291,0.3209969401359558
1.2196422815322876,0.552943766117096,0.46174365282058716
0.9337630867958069,0.22980795800685883,0.5039480328559875
1.7766649723052979,0.26527854800224304,0.7003328800201416
2.0518639087677,0.21372289955615997,0.4785236418247223
1.778054118156433,0.5442877411842346,0.2433449774980545
0.6703532338142395,0.3906461000442505,0.4584041237831116
1.250374436378479,0.5459744334220886,0.5410255193710327
0.8110703229904175,0.7013078927993774,0.2732084393501282
1.627457857131958,0.2836827039718628,0.5744290351867676
1.6827832460403442,0.3614353835582733,0.46643900871276855
1.1583441495895386,0.5858927369117737,0.4171992838382721
1.0042905807495117,0.2763533592224121,0.4448862075805664
0.3935728073120117,0.6536442637443542,0.34576788544654846
0.7593730688095093,0.3556859493255615,0.5791019797325134
0.9822449684143066,0.11441466957330704,0.7166926264762878
1.7826553583145142,0.9518106579780579,0.0816299170255661
0.6292166709899902,0.2754230201244354,0.6082054376602173
1.6577523946762085,0.7969616651535034,0.7093847393989563
0.6145657896995544,0.6391741633415222,0.49713993072509766
0.43792724609375,0.2729279100894928,0.5972216129302979
0.14770957827568054,0.6872367262840271,0.3052400052547455
3.3534669876098633,0.5975677967071533,0.23192082345485687
0.4879531264305115,0.5414159297943115,0.44826871156692505
0.686747670173645,0.5723872184753418,0.3135877549648285
2.0897624492645264,0.38563939929008484,0.7216790914535522
0.15977996587753296,0.6735956072807312,0.3654846251010895
1.4446004629135132,0.2764352858066559,0.47474759817123413
1.7061530351638794,0.6945366859436035,0.7041279077529907
0.931494951248169,0.7770362496376038,0.12249445915222168
0.9336991310119629,0.3947000503540039,0.6913589835166931
0.6517441272735596,0.2709431052207947,0.5692483186721802
1.5310149192810059,0.735916018486023,0.569046676158905
2.005519390106201,0.34952691197395325,0.7203564047813416
1.3846139907836914,0.56017005443573,0.5215830206871033
0.5653790831565857,0.5017717480659485,0.41721656918525696
1.4659699201583862,0.4427041709423065,0.5822767019271851
1.7484289407730103,0.19589924812316895,0.6379125118255615
1.475094199180603,0.1086169108748436,0.6688641905784607
0.8397572040557861,0.4679884910583496,0.5759447813034058
1.0994292497634888,0.6979639530181885,0.5830841064453125
0.7712546586990356,0.318229079246521,0.3367391526699066
0.08443036675453186,0.703831672668457,0.5543721914291382
0.8565396070480347,0.807915210723877,0.23506438732147217
0.42733120918273926,0.7648776769638062,0.2746503949165344
0.2322460561990738,0.6873865127563477,0.3169054687023163
0.6856096386909485,0.40683603286743164,0.548112154006958
0.5506507158279419,0.6460426449775696,0.5719919204711914
1.1202170848846436,0.4114648103713989,0.49863308668136597
1.453144907951355,0.5141573548316956,0.4017147719860077
2.0676913261413574,0.33846399188041687,0.4843539893627167
2.2212095260620117,0.39669907093048096,0.5351244807243347
1.2357832193374634,0.7339502573013306,0.5132111310958862
1.4906275272369385,0.16257137060165405,0.7001177668571472
1.0617824792861938,0.7695536017417908,0.22452615201473236
0.13845166563987732,0.8574172854423523,0.3494408130645752
0.927131175994873,0.5506190061569214,0.5452191829681396
1.7061530351638794,0.6945366859436035,0.7041279077529907
-0.5117326974868774,0.5681954622268677,0.3144436776638031
1.476983904838562,0.4254968762397766,0.5848936438560486
0.9554933309555054,0.7004050016403198,0.42888033390045166
1.0942823886871338,0.6059591770172119,0.27751535177230835
0.06329502165317535,0.32224127650260925,0.694688618183136
0.5650242567062378,0.39454030990600586,0.576266884803772
1.5342684984207153,0.2455979287624359,0.3502059280872345
-0.26132452487945557,0.6541174054145813,0.2531498968601227
1.942041277885437,0.2242918312549591,0.8789526224136353
2.0118887424468994,0.08556131273508072,0.8728440403938293
1.9452526569366455,0.25752952694892883,0.8220687508583069
1.8900383710861206,0.398680180311203,0.6223949193954468
0.45330145955085754,0.5207513570785522,0.40575364232063293
1.0042905807495117,0.2763533592224121,0.4448862075805664
1.619640827178955,0.48124662041664124,0.38813522458076477
0.47013992071151733,0.3135126829147339,0.509899377822876
2.3757424354553223,0.3648984730243683,0.4595625698566437
0.7205593585968018,0.3557973802089691,0.5815943479537964
2.005519390106201,0.34952691197395325,0.7203564047813416
2.538560390472412,0.34128937125205994,0.4271729290485382
2.896552085876465,0.220693439245224,0.4401324391365051
-0.31474190950393677,0.5179582238197327,0.43443620204925537
1.732125163078308,0.747060239315033,0.18512824177742004
0.7091824412345886,0.4905076324939728,0.3177362382411957
0.3066265285015106,0.6292479634284973,0.5525981187820435
1.463072657585144,0.262405127286911,0.5386420488357544
1.2622934579849243,0.59612637758255,0.5438199043273926
1.1329891681671143,0.7318596839904785,0.44232678413391113
0.14542174339294434,0.6912904977798462,0.5208286643028259
2.4492685794830322,0.36372143030166626,0.47891417145729065
1.0085119009017944,0.34603992104530334,0.5224123597145081
1.1862341165542603,0.7287518978118896,0.43742650747299194
0.6292166709899902,0.2754230201244354,0.6082054376602173
0.9511484503746033,0.5018472075462341,0.7790335416793823
2.005519390106201,0.34952691197395325,0.7203564047813416
1.0429790019989014,0.6499946713447571,0.5311388969421387
1.512438178062439,0.7477823495864868,0.36274710297584534
1.6223763227462769,0.6294827461242676,0.4546426832675934
0.17620298266410828,0.7294028401374817,0.3134842813014984
0.9887836575508118,0.16323667764663696,0.6136578917503357
0.5071226358413696,0.8157352805137634,0.42425310611724854
1.4255534410476685,0.7976304888725281,0.29504454135894775
0.550472617149353,0.5328444838523865,0.4358883202075958
0.18986591696739197,0.6498982906341553,0.6108218431472778
3.5689444541931152,0.5645282864570618,0.45029303431510925
0.655363917350769,0.577972948551178,0.32260191440582275
0.8220617175102234,0.32867905497550964,0.5195719003677368
1.6977996826171875,0.3213235139846802,0.588649332523346
0.9580093622207642,0.22412104904651642,0.8077264428138733
0.43676549196243286,0.33516231179237366,0.4646916389465332
2.0498416423797607,0.1907040923833847,0.5580041408538818
2.4492685794830322,0.36372143030166626,0.47891417145729065
2.3634443283081055,0.30708885192871094,0.5763662457466125
1.3617700338363647,0.5588829517364502,0.5599204897880554
1.4401881694793701,0.5774945020675659,0.7108176350593567
1.3476730585098267,0.20392128825187683,0.6240143179893494
0.9887836575508118,0.16323667764663696,0.6136578917503357
2.17720890045166,0.5991155505180359,0.3717522621154785
2.7541797161102295,0.2690400183200836,0.4970061480998993
2.1838274002075195,0.21354159712791443,0.7168357968330383
0.8107612729072571,0.3266700208187103,0.43282148241996765
1.5310149192810059,0.735916018486023,0.569046676158905
1.5811760425567627,0.49918121099472046,0.629947304725647
2.382390022277832,0.4913734793663025,0.4179306626319885
0.5871995687484741,0.37023526430130005,0.35781130194664
1.030511736869812,0.5495594143867493,0.356446236371994
0.5663785338401794,0.38415074348449707,0.5543226003646851
0.23511138558387756,0.8026872873306274,0.48571184277534485
0.777167558670044,0.6987425088882446,0.6699616312980652
0.2132815271615982,0.711306095123291,0.3209969401359558
0.7174772024154663,0.3868362605571747,0.41812437772750854
0.6995505094528198,0.8400542736053467,0.1559273600578308
0.37247249484062195,0.4212931990623474,0.7028542160987854
0.3652343451976776,0.5118584036827087,0.3620147705078125
1.0798076391220093,0.6552643775939941,0.5388966798782349
0.8388799428939819,0.3230740427970886,0.3857404589653015
1.7306548357009888,0.23681841790676117,0.6052127480506897
1.4239548444747925,0.37889090180397034,0.5026584267616272
1.3869342803955078,0.34549790620803833,0.6953469514846802
0.8035808801651001,0.17371775209903717,0.612516462802887
1.5598024129867554,0.47091472148895264,0.4927830696105957
2.1814355850219727,0.3290817439556122,0.7338258624076843
1.6223763227462769,0.6294827461242676,0.4546426832675934
1.9644924402236938,0.3091427683830261,0.7949650287628174
2.3539490699768066,0.45061424374580383,0.3999554216861725
0.7786262035369873,0.21157529950141907,0.43531671166419983
1.3041900396347046,0.2758440375328064,0.4332730174064636
1.5462443828582764,0.2339131385087967,0.568061351776123
2.384645938873291,0.4507167935371399,0.4385406970977783
1.2271836996078491,0.4915827512741089,0.5869909524917603
0.5730962157249451,0.5676344633102417,0.48957258462905884
1.1189334392547607,0.5957272052764893,0.5649949908256531
0.1538086235523224,0.8415011167526245,0.4065638780593872
1.758823275566101,0.6788574457168579,0.4934060871601105
2.1743273735046387,0.4626999497413635,0.44061580300331116
1.206790566444397,0.36522069573402405,0.7118748426437378
1.2672592401504517,0.3540652394294739,0.5082200169563293
1.3087247610092163,0.39372900128364563,0.5882990956306458
0.9864705801010132,0.41146793961524963,0.6930283308029175
-0.05765575170516968,0.3125021755695343,0.35362502932548523
0.02582738734781742,0.5382493734359741,0.39174357056617737
0.6010793447494507,0.19043006002902985,0.510347306728363
1.3869342803955078,0.34549790620803833,0.6953469514846802
0.5111340284347534,0.40139687061309814,0.5641148686408997
1.642375111579895,0.28000539541244507,0.5569241046905518
0.7593730688095093,0.3556859493255615,0.5791019797325134
1.3495100736618042,0.6380690336227417,0.5498762726783752
0.5070576667785645,0.6708481311798096,0.337667852640152
2.743457794189453,0.36238712072372437,0.47746962308883667
1.0472551584243774,0.6169693470001221,0.7094111442565918
-0.08424900472164154,0.8654624223709106,0.42078065872192383
1.7957311868667603,0.46585729718208313,0.6368206739425659
2.040517568588257,0.4047718644142151,0.5213437676429749
2.164693832397461,0.3031543493270874,0.8099852204322815
2.005519390106201,0.34952691197395325,0.7203564047813416
1.453686237335205,0.5008293986320496,0.5705342888832092
0.9225857257843018,0.08355217427015305,0.841464102268219
1.8077969551086426,0.4556514620780945,0.64618980884552
1.84990656375885,0.2575189769268036,0.6932405233383179
1.8528839349746704,0.4333611726760864,0.6191613078117371
3.113144874572754,0.6814176440238953,0.7029877305030823
0.7882046699523926,0.3244384527206421,0.4805840253829956
0.9248949289321899,0.4977005422115326,0.6125187873840332
0.8703621625900269,0.5114861130714417,0.6683931946754456
2.260838508605957,0.31776776909828186,0.5090509057044983
2.1389307975769043,0.4493694603443146,0.47975149750709534
0.5737732648849487,0.5962764620780945,0.3367667496204376
0.686747670173645,0.5723872184753418,0.3135877549648285
0.6533077359199524,0.18367552757263184,0.737771213054657
0.9508470296859741,0.3449857831001282,0.5320190787315369
1.047865390777588,0.34233689308166504,0.43795692920684814
0.944938063621521,0.6167665719985962,0.4871006906032562
0.5314967632293701,0.2844434082508087,0.5989695191383362
0.7663982510566711,0.8259870409965515,0.5005517601966858
2.3539490699768066,0.45061424374580383,0.3999554216861725
1.5760892629623413,0.5540916323661804,0.5903781652450562
0.9772911071777344,0.6232722997665405,0.2603864371776581
0.9887836575508118,0.16323667764663696,0.6136578917503357
0.7379844188690186,0.37472257018089294,0.3506983518600464
1.206790566444397,0.36522069573402405,0.7118748426437378
0.6457732915878296,0.5045961141586304,0.4790709316730499
1.206790566444397,0.36522069573402405,0.7118748426437378
2.005519390106201,0.34952691197395325,0.7203564047813416
0.19304974377155304,0.41527172923088074,0.5272071361541748
-0.005918441340327263,0.6251451969146729,0.48267069458961487
0.12133784592151642,0.6505018472671509,0.3088289797306061
1.030511736869812,0.5495594143867493,0.356446236371994
0.21836316585540771,0.8163294792175293,0.4050539433956146
0.5233808755874634,0.1635562628507614,0.4918912351131439
1.5640437602996826,0.7118058204650879,0.5663224458694458
1.0309005975723267,0.6131560802459717,0.2582527995109558
0.40004903078079224,0.4097173810005188,0.3842363953590393
1.1417680978775024,0.2525504231452942,0.6124507188796997
1.0182584524154663,0.5906519293785095,0.48926571011543274
1.0181422233581543,0.5145941972732544,0.2521896958351135
0.5070576667785645,0.6708481311798096,0.337667852640152
0.49239224195480347,0.6235823631286621,0.5014666318893433
1.1544619798660278,0.38576436042785645,0.4960631728172302
1.030511736869812,0.5495594143867493,0.356446236371994
2.4976656436920166,0.4905623495578766,0.3613809645175934
0.6165175437927246,0.26977255940437317,0.7034510970115662
2.123141288757324,0.291056364774704,0.5184521079063416
0.3903425633907318,0.6713870763778687,0.3561113476753235
1.947651743888855,0.36246636509895325,0.6330758929252625
1.373490810394287,0.07456327229738235,0.8562186360359192
0.27265220880508423,0.5930017232894897,0.4253304898738861
1.7145696878433228,0.5397669076919556,0.33895641565322876
0.47731566429138184,0.7822721600532532,0.3583241403102875
-0.022737113758921623,0.49972930550575256,0.20628131926059723
1.206790566444397,0.36522069573402405,0.7118748426437378
1.3203824758529663,0.7386921644210815,0.44139865040779114
1.1083852052688599,0.48916107416152954,0.31945380568504333
0.7508047819137573,0.46481069922447205,0.4202389121055603
1.6129446029663086,0.2475864440202713,0.4816244840621948
0.9365435838699341,0.2988908886909485,0.541914165019989
2.077711582183838,0.47586318850517273,0.653944730758667
0.22635366022586823,0.7257025241851807,0.32660889625549316
2.2522459030151367,0.3329801559448242,0.3631172180175781
1.148572325706482,0.5114406943321228,0.3773668110370636
0.3912746012210846,0.4822555482387543,0.3759239614009857
0.7516223192214966,0.3984420895576477,0.48025384545326233
2.064422369003296,0.5659018158912659,0.6166885495185852
2.005519390106201,0.34952691197395325,0.7203564047813416
1.5792399644851685,0.6303537487983704,0.5318207144737244
0.14770957827568054,0.6872367262840271,0.3052400052547455
1.2138954401016235,0.6155875325202942,0.4810510575771332
1.4588292837142944,0.6327881813049316,0.6514396667480469
1.5192667245864868,0.4194725751876831,0.4916234612464905
1.362106204032898,0.43423959612846375,0.5610483884811401
1.5201562643051147,0.151058629155159,0.5294442176818848
2.6994946002960205,0.2951405942440033,0.8725521564483643
0.34948211908340454,0.599766194820404,0.2494300901889801
0.7240709066390991,0.12784843146800995,0.6803205609321594
0.4449371099472046,0.2708492577075958,0.46462762355804443
0.956458330154419,0.1359451413154602,0.7331399917602539
0.8482829928398132,0.5931052565574646,0.3121701776981354
0.7434139251708984,0.7669857144355774,0.26518163084983826
1.1652666330337524,0.272073894739151,0.5223821401596069
0.9855601191520691,0.14948208630084991,0.6018726825714111
0.11284202337265015,0.5449244379997253,0.2555040419101715
0.14770957827568054,0.6872367262840271,0.3052400052547455
0.933805525302887,0.6080678701400757,0.2839241921901703
0.6205869913101196,0.31522300839424133,0.714150071144104
1.051598310470581,0.7090544700622559,0.48008567094802856
2.3757424354553223,0.3648984730243683,0.4595625698566437
1.8007742166519165,0.8687469363212585,0.9018610119819641
2.3757424354553223,0.3648984730243683,0.4595625698566437
1.2282532453536987,0.5443858504295349,0.5337138772010803
1.184576153755188,0.29527562856674194,0.41243118047714233
0.6686776876449585,0.31837618350982666,0.6338757276535034
1.3927602767944336,0.4180545508861542,0.3485996425151825
0.5070576667785645,0.6708481311798096,0.337667852640152
0.7398106455802917,0.6149095892906189,0.43615326285362244
0.5475033521652222,0.6358738541603088,0.5625059604644775
2.940896987915039,0.48666656017303467,0.7442299127578735
1.2518572807312012,0.3337422013282776,0.7683950066566467
0.8376026749610901,0.5826143622398376,0.3292861580848694
0.06669467687606812,0.8490762710571289,0.3580174744129181
1.3492857217788696,0.5196853280067444,0.5778053998947144
0.23437467217445374,0.7740260362625122,0.5213567614555359
0.9841933250427246,0.606116533279419,0.21180063486099243
1.1197556257247925,0.5292761325836182,0.5619739890098572
1.485917329788208,0.5042310357093811,0.3664949834346771
1.1064295768737793,0.5476681590080261,0.5046237111091614
0.8514404296875,0.5406044721603394,0.5785663723945618
1.2157024145126343,0.10610155761241913,0.7349730730056763
0.10717366635799408,0.46367645263671875,0.6348331570625305
2.005519390106201,0.34952691197395325,0.7203564047813416
0.5628774166107178,0.6577724814414978,0.6601361632347107
1.6429557800292969,0.22103062272071838,0.6994367837905884
1.1207934617996216,0.5868122577667236,0.2230541706085205
0.5391363501548767,0.6559456586837769,0.41975677013397217
0.13069145381450653,0.7801918983459473,0.3716972768306732
1.0338860750198364,0.14578990638256073,0.6208181381225586
1.6573708057403564,0.22079840302467346,0.44485676288604736
1.3487234115600586,0.13284654915332794,0.8073448538780212
1.7277199029922485,0.29384857416152954,0.4819614589214325
1.1106250286102295,0.5930496454238892,0.4842703640460968
1.506696105003357,0.173511803150177,0.5081611275672913
2.0714640617370605,0.4822458326816559,0.4736115336418152
0.5237914323806763,0.46770593523979187,0.48052507638931274
0.2079063057899475,0.7150554656982422,0.3629904091358185
1.6761027574539185,0.5407215356826782,0.6841627955436707
0.7769356369972229,0.8109963536262512,0.19741924107074738
0.4604322910308838,0.5411882400512695,0.17700377106666565
1.4516377449035645,0.673347532749176,0.5360139608383179
1.3495100736618042,0.6380690336227417,0.5498762726783752
0.9710773229598999,0.6184589862823486,0.6601076126098633
0.6532490253448486,0.5707060098648071,0.5597503781318665
0.6012317538261414,0.4080677330493927,0.41960063576698303
0.7427856922149658,0.3387337028980255,0.5580021142959595
1.362106204032898,0.43423959612846375,0.5610483884811401
0.8097267746925354,0.7344577312469482,0.23557355999946594
0.4280419945716858,0.8405951261520386,0.19485367834568024
1.5278204679489136,0.3888246417045593,0.65995854139328
0.6969490051269531,0.32361507415771484,0.6353016495704651
2.0897624492645264,0.38563939929008484,0.7216790914535522
0.3022785782814026,0.2597678005695343,0.5391215682029724
0.5986936092376709,0.5350427627563477,0.32566049695014954
1.0129693746566772,0.6206435561180115,0.24829289317131042
2.384645938873291,0.4507167935371399,0.4385406970977783
1.082682728767395,0.2950359880924225,0.5161113739013672
0.6316463947296143,0.3988526463508606,0.28870704770088196
1.4808231592178345,0.1389477699995041,0.7417630553245544
2.7666890621185303,0.34617260098457336,0.45076265931129456
0.6622353792190552,0.6507759690284729,0.8368751406669617
0.6497273445129395,0.4030357599258423,0.5203908681869507
0.3903425633907318,0.6713870763778687,0.3561113476753235
0.41042280197143555,0.1427200883626938,0.6724467873573303
1.3362703323364258,0.36147990822792053,0.35547342896461487
0.686747670173645,0.5723872184753418,0.3135877549648285
1.206790566444397,0.36522069573402405,0.7118748426437378
0.14770957827568054,0.6872367262840271,0.3052400052547455
1.2595804929733276,0.22943297028541565,0.5221614241600037
0.3903425633907318,0.6713870763778687,0.3561113476753235
1.1106250286102295,0.5930496454238892,0.4842703640460968
0.7679876089096069,0.7800377607345581,0.3441310226917267
-0.5210840702056885,0.31650510430336,0.3805182874202728
1.362106204032898,0.43423959612846375,0.5610483884811401
0.8788914680480957,0.424550324678421,0.3560018241405487
1.0026098489761353,0.26849785447120667,0.5493144392967224
0.8388799428939819,0.3230740427970886,0.3857404589653015
0.6803635358810425,0.3947945535182953,0.813697874546051
1.9662116765975952,0.2525968551635742,0.34017887711524963
1.2034307718276978,0.2896786332130432,0.7077552080154419
0.8887550830841064,0.2774265706539154,0.6331332921981812
1.4388567209243774,0.40726354718208313,0.5242519974708557
1.2712688446044922,0.5837901830673218,0.4491369426250458
1.206790566444397,0.36522069573402405,0.7118748426437378
2.3539490699768066,0.45061424374580383,0.3999554216861725
1.926414132118225,0.22595839202404022,0.4367826581001282
0.020939158275723457,0.4101220369338989,0.5170784592628479
1.4082019329071045,0.7370976805686951,0.5166454315185547
1.1478484869003296,0.28713634610176086,0.6894406676292419
2.593899726867676,0.5727449059486389,0.3652368187904358
0.3842390477657318,0.6271851062774658,0.33903199434280396
1.3353115320205688,0.7065555453300476,0.5640890002250671
1.056099534034729,0.4416644871234894,0.40536177158355713
0.4911794066429138,0.34798863530158997,0.3061661422252655
1.3085530996322632,0.21355020999908447,0.7522410154342651
0.3574608564376831,0.8426904082298279,0.3922198414802551
1.3728352785110474,0.24891817569732666,0.5054023265838623
0.14770957827568054,0.6872367262840271,0.3052400052547455
0.47544366121292114,0.8324462175369263,0.2912612557411194
1.5963841676712036,0.27083438634872437,0.6209993362426758
0.14770957827568054,0.6872367262840271,0.3052400052547455
0.4635951519012451,0.34694352746009827,0.44837185740470886
1.4578076601028442,0.2629257142543793,0.5628948211669922
0.7206509113311768,0.6877695322036743,0.6172634363174438
0.7787508964538574,0.46282851696014404,0.5506861209869385
0.6165175437927246,0.26977255940437317,0.7034510970115662
0.22011318802833557,0.48937252163887024,0.540751576423645
-0.34203067421913147,0.3298604190349579,0.3642597496509552
1.0405389070510864,0.46226319670677185,0.5461495518684387
0.7174772024154663,0.3868362605571747,0.41812437772750854
2.19732666015625,0.32574716210365295,0.4673020541667938
1.030511736869812,0.5495594143867493,0.356446236371994
1.8696017265319824,0.13359788060188293,0.5420380234718323
0.5071226358413696,0.8157352805137634,0.42425310611724854
1.1735625267028809,0.4362156391143799,0.36055806279182434
1.1291524171829224,0.5978826284408569,0.5053722858428955
1.6698251962661743,0.3994843065738678,0.5752763152122498
1.0262514352798462,0.18776291608810425,0.7694898843765259
1.627457857131958,0.2836827039718628,0.5744290351867676
1.4195865392684937,0.42019185423851013,0.671633780002594
0.7906278967857361,0.5525479912757874,0.282824844121933
1.2034307718276978,0.2896786332130432,0.7077552080154419
0.3287617862224579,0.7012088894844055,0.5447548031806946
0.7508047819137573,0.46481069922447205,0.4202389121055603
0.06504826247692108,0.6803441047668457,0.28886470198631287
0.5477775931358337,0.5476866960525513,0.24723121523857117
1.7768057584762573,0.5565040707588196,0.4884689450263977
0.6534807085990906,0.6432309150695801,0.3372265696525574
1.4659699201583862,0.4427041709423065,0.5822767019271851
0.5642424821853638,0.42632463574409485,0.3756830394268036
1.2366303205490112,0.30731093883514404,0.875232458114624
0.7092977166175842,0.7518228888511658,0.3548769950866699
1.1122844219207764,0.16749228537082672,0.7172441482543945
2.538560390472412,0.34128937125205994,0.4271729290485382
1.657391905784607,0.5444327592849731,0.3844608664512634
1.0227946043014526,0.5959590673446655,0.3205804228782654
1.8291956186294556,0.3332749009132385,0.6127764582633972
0.40004903078079224,0.4097173810005188,0.3842363953590393
1.5393908023834229,0.6070215106010437,0.251908540725708
0.7462242245674133,0.10774525254964828,0.7566079497337341
2.064422369003296,0.5659018158912659,0.6166885495185852
1.206790566444397,0.36522069573402405,0.7118748426437378
0.989456295967102,0.6446985006332397,0.2425631582736969
0.6297513246536255,0.4544968008995056,0.3765609860420227
0.4136800765991211,0.834384560585022,0.6743334531784058
0.15153226256370544,0.37683388590812683,0.31998205184936523
1.503961205482483,0.5714966058731079,0.4867660105228424
1.16211998462677,0.3691108822822571,0.5319964289665222
2.4999632835388184,0.43760839104652405,0.4529280662536621
1.48314368724823,0.32105985283851624,0.7439953088760376
0.8760249614715576,0.20951306819915771,0.6060176491737366
1.3846139907836914,0.56017005443573,0.5215830206871033
0.650964617729187,0.3397873044013977,0.5109996795654297
0.7836986780166626,0.513516366481781,0.48871713876724243
0.5811417698860168,0.3831339478492737,0.47492310404777527
0.8334352970123291,0.2037525624036789,0.5810067653656006
1.3975552320480347,0.8275421857833862,0.20802433788776398
2.3539490699768066,0.45061424374580383,0.3999554216861725
0.5682587623596191,0.4610919952392578,0.35156193375587463
0.7864965796470642,0.3196451663970947,0.5599468350410461
0.8788914680480957,0.424550324678421,0.3560018241405487
1.3742033243179321,0.3156674802303314,0.35537204146385193
1.3927602767944336,0.4180545508861542,0.3485996425151825
1.9873894453048706,0.4363059401512146,0.887564480304718
2.540353298187256,0.11642660200595856,0.7900288105010986
0.7716205716133118,0.7394378185272217,0.2318013608455658
1.0830591917037964,0.49495044350624084,0.7173935770988464
1.030511736869812,0.5495594143867493,0.356446236371994
0.44974619150161743,0.4050389528274536,0.7681155204772949
1.503961205482483,0.5714966058731079,0.4867660105228424
0.900894045829773,0.13311199843883514,0.6027011275291443
0.8235969543457031,0.3312748372554779,0.6928567886352539
0.14770957827568054,0.6872367262840271,0.3052400052547455
1.153399109840393,0.3676236569881439,0.4005401134490967
1.0262514352798462,0.18776291608810425,0.7694898843765259
1.7559150457382202,0.2645781338214874,0.5030137300491333
1.9649800062179565,0.31035116314888,0.7521761059761047
1.503961205482483,0.5714966058731079,0.4867660105228424
2.347733736038208,0.2480751872062683,0.451107382774353
0.748977780342102,0.6994851231575012,0.49158117175102234
0.5449185371398926,0.7534605264663696,0.1823539286851883
-0.15006142854690552,0.34050342440605164,0.32669249176979065
0.5201934576034546,0.5271937847137451,0.46635299921035767
1.609963059425354,0.3347506523132324,0.3495970368385315
0.5320430994033813,0.7569978833198547,0.46746358275413513
0.43792724609375,0.2729279100894928,0.5972216129302979
0.7991034984588623,0.353912353515625,0.47529685497283936
0.4704863131046295,0.38641682267189026,0.38191163539886475
1.463072657585144,0.262405127286911,0.5386420488357544
1.4798136949539185,0.4759892225265503,0.48514530062675476
0.2965344488620758,0.5149075984954834,0.244284525513649
0.8788914680480957,0.424550324678421,0.3560018241405487
1.030511736869812,0.5495594143867493,0.356446236371994
0.39883533120155334,0.17947068810462952,0.43956977128982544
0.4279230237007141,0.6000623106956482,0.5314470529556274
1.1291524171829224,0.5978826284408569,0.5053722858428955
1.4659699201583862,0.4427041709423065,0.5822767019271851
1.4586782455444336,0.5932435393333435,0.6297150254249573
1.1835428476333618,0.20545773208141327,0.41930627822875977
1.3957479000091553,0.28833186626434326,0.564276933670044
0.21543456614017487,0.49323147535324097,0.32863906025886536
0.14770957827568054,0.6872367262840271,0.3052400052547455
0.5674530267715454,0.8937923908233643,0.4641956090927124
1.3859057426452637,0.15971118211746216,0.7343655824661255
1.2588227987289429,0.30223992466926575,0.3784710466861725
1.3390096426010132,0.6787822842597961,0.2940244972705841
1.0508495569229126,0.5408312678337097,0.46510764956474304
1.030511736869812,0.5495594143867493,0.356446236371994
1.0182584524154663,0.5906519293785095,0.48926571011543274
1.6348780393600464,0.2949460446834564,0.7861114144325256
0.9803592562675476,0.36987176537513733,0.3063284456729889
2.389152765274048,0.2671990692615509,0.4845818877220154
0.7508047819137573,0.46481069922447205,0.4202389121055603
0.686747670173645,0.5723872184753418,0.3135877549648285
2.2600839138031006,0.3505834937095642,0.7696542739868164
1.519192099571228,0.21034106612205505,0.4959838092327118
0.6317973136901855,0.24883528053760529,0.5968061089515686
0.8919152021408081,0.5328174829483032,0.3339107036590576
1.362106204032898,0.43423959612846375,0.5610483884811401
1.326931118965149,0.7574976682662964,0.5691134929656982
1.155875563621521,0.17219407856464386,0.7822238206863403
1.1940332651138306,0.5498486757278442,0.2929924726486206
1.9006034135818481,0.20146878063678741,0.6913849115371704
-0.5220996141433716,0.331486314535141,0.432505339384079
1.030511736869812,0.5495594143867493,0.356446236371994
0.6548829078674316,0.6746140718460083,0.4426800608634949
1.627457857131958,0.2836827039718628,0.5744290351867676
1.3927602767944336,0.4180545508861542,0.3485996425151825
1.5501558780670166,0.10434629023075104,0.7498825788497925
1.8878177404403687,0.6370304226875305,0.5060660243034363
0.7508047819137573,0.46481069922447205,0.4202389121055603
2.127513885498047,0.3493613302707672,0.6624431610107422
1.1012035608291626,0.37624818086624146,0.4181540310382843
0.6036518812179565,0.4881671071052551,0.47349968552589417
1.3334308862686157,0.21824699640274048,0.46676400303840637
0.4616656005382538,0.9223997592926025,0.385161429643631
0.49367427825927734,0.19499707221984863,0.6575266718864441
1.2213011980056763,0.7422559261322021,0.6424151062965393
0.8341737985610962,0.33973178267478943,0.5487672090530396
2.7666890621185303,0.34617260098457336,0.45076265931129456
1.6210390329360962,0.588980495929718,0.46865540742874146
0.3511589467525482,0.3065749704837799,0.515805184841156
1.2799837589263916,0.2259782999753952,0.713065505027771
1.030511736869812,0.5495594143867493,0.356446236371994
0.8235969543457031,0.3312748372554779,0.6928567886352539
1.0957740545272827,0.479416161775589,0.36905428767204285
0.443342924118042,0.6892988681793213,0.1747346967458725
1.1652666330337524,0.272073894739151,0.5223821401596069
1.194351315498352,0.366542249917984,0.44175460934638977
0.36394453048706055,0.6916086673736572,0.16836942732334137
0.686747670173645,0.5723872184753418,0.3135877549648285
0.8627877235412598,0.3277495205402374,0.467537522315979
0.6065456867218018,0.31788957118988037,0.7167651057243347
1.0021551847457886,0.6228127479553223,0.5520296096801758
0.9852837324142456,0.3356757164001465,0.3808347284793854
0.7508047819137573,0.46481069922447205,0.4202389121055603
1.3586293458938599,0.5481330752372742,0.480379194021225
1.4273136854171753,0.45302367210388184,0.6499696969985962
0.5519682168960571,0.5293054580688477,0.5817781686782837
2.819641351699829,0.4465892016887665,0.4528443515300751
1.3819042444229126,0.3662377893924713,0.5064323544502258
2.1471779346466064,0.6638952493667603,0.43405258655548096
1.4735853672027588,0.8244079351425171,0.6757439374923706
2.4797682762145996,0.1902109533548355,0.8426828980445862
0.9827740788459778,0.607815682888031,0.2343941479921341
1.619640827178955,0.48124662041664124,0.38813522458076477
0.47315067052841187,0.3295917212963104,0.7383646368980408
0.4534796476364136,0.7540321946144104,0.3623915910720825
0.5824277400970459,0.22092601656913757,0.5110328793525696
0.833490788936615,0.6212319731712341,0.5052750110626221
0.10451605916023254,0.7142723798751831,0.35169532895088196
0.5348083972930908,0.4697532653808594,0.48890161514282227
2.9766407012939453,0.23693880438804626,0.8908936977386475
0.6375332474708557,0.33125969767570496,0.5013410449028015
0.5943835973739624,0.4217154383659363,0.31411275267601013
1.503961205482483,0.5714966058731079,0.4867660105228424
1.4956724643707275,0.2677461504936218,0.5906426310539246
2.005519390106201,0.34952691197395325,0.7203564047813416
1.7533148527145386,0.3902202844619751,0.6170517802238464
1.3876112699508667,0.17445820569992065,0.6201924681663513
0.752673864364624,0.36295461654663086,0.5979263782501221
0.901919424533844,0.19624999165534973,0.5550455451011658
1.2846523523330688,0.3384239375591278,0.8879740238189697
1.3029292821884155,0.5196873545646667,0.5055888295173645
1.6531332731246948,0.3193073868751526,0.506831169128418
0.7552034854888916,0.4934293329715729,0.4825138747692108
0.5653790831565857,0.5017717480659485,0.41721656918525696
0.564437747001648,0.6986587643623352,0.38835418224334717
-0.25358977913856506,0.7116055488586426,0.18331120908260345
1.506696105003357,0.173511803150177,0.5081611275672913
1.1992655992507935,0.314678430557251,0.4991477131843567
0.49239224195480347,0.6235823631286621,0.5014666318893433
0.8341737985610962,0.33973178267478943,0.5487672090530396
-0.05469639599323273,0.6487078070640564,0.3234497904777527
1.684734582901001,0.15647004544734955,0.5907651782035828
1.5638624429702759,0.28002649545669556,0.5114945769309998
1.121008038520813,0.08551988005638123,0.7536806464195251
0.14770957827568054,0.6872367262840271,0.3052400052547455
1.4784491062164307,0.3983374834060669,0.5060393810272217
0.5642424821853638,0.42632463574409485,0.3756830394268036
0.5730962157249451,0.5676344633102417,0.48957258462905884
2.1389307975769043,0.4493694603443146,0.47975149750709534
0.14770957827568054,0.6872367262840271,0.3052400052547455
0.9611839056015015,0.46531692147254944,0.4298960566520691
1.9787861108779907,0.31762608885765076,0.5774615406990051
2.460566759109497,0.14367267489433289,0.2998473048210144
0.9855601191520691,0.14948208630084991,0.6018726825714111
1.3728352785110474,0.24891817569732666,0.5054023265838623
0.14770957827568054,0.6872367262840271,0.3052400052547455
0.8919152021408081,0.5328174829483032,0.3339107036590576
0.7539129257202148,0.5820653438568115,0.48957565426826477
1.0182584524154663,0.5906519293785095,0.48926571011543274
1.3758777379989624,0.252229243516922,0.6040791273117065
1.1521142721176147,0.37642186880111694,0.46836918592453003
0.903143048286438,0.15861280262470245,0.6179811358451843
1.1189334392547607,0.5957272052764893,0.5649949908256531
0.6065456867218018,0.31788957118988037,0.7167651057243347
1.184576153755188,0.29527562856674194,0.41243118047714233
1.1789969205856323,0.23525120317935944,0.7223742604255676
1.3392399549484253,0.6198493838310242,0.5837326645851135
1.0361120700836182,0.23071010410785675,0.6724268198013306
0.9334409236907959,0.21514299511909485,0.5621809959411621
2.475494861602783,0.50686115026474,0.24349386990070343
1.619640827178955,0.48124662041664124,0.38813522458076477
1.306751012802124,0.7036533951759338,0.4846239984035492
-0.6206965446472168,0.6809204816818237,0.2854108214378357
1.2341846227645874,0.3554691672325134,0.24889013171195984
-0.5220996141433716,0.331486314535141,0.432505339384079
0.3893201947212219,0.76955646276474,0.6778283715248108
2.005519390106201,0.34952691197395325,0.7203564047813416
1.0182584524154663,0.5906519293785095,0.48926571011543274
0.7035750150680542,0.41755685210227966,0.3516107499599457
1.6693954467773438,0.16988839209079742,0.7223411798477173
0.9323081374168396,0.42485201358795166,0.43041133880615234
1.7587164640426636,0.8097180724143982,0.6669655442237854
-0.27985164523124695,0.36198291182518005,0.3908401429653168
1.3295258283615112,0.38966208696365356,0.4345577359199524
0.14770957827568054,0.6872367262840271,0.3052400052547455
1.3927602767944336,0.4180545508861542,0.3485996425151825
0.8788914680480957,0.424550324678421,0.3560018241405487
0.5425186157226562,0.4530179798603058,0.6660712361335754
1.8227193355560303,0.3031374216079712,0.6331884860992432
1.6170721054077148,0.24990779161453247,0.7170649170875549
1.3010293245315552,0.6284177899360657,0.6622567772865295
0.5070576667785645,0.6708481311798096,0.337667852640152
0.12822338938713074,0.7563959360122681,0.3853549063205719
0.6721936464309692,0.8055662512779236,0.19814984500408173
1.0966893434524536,0.4285722076892853,0.38240861892700195
0.9279483556747437,0.23214437067508698,0.6971666812896729
0.7744016647338867,0.32313278317451477,0.5299476981163025
1.206790566444397,0.36522069573402405,0.7118748426437378
0.3842390477657318,0.6271851062774658,0.33903199434280396
0.5407048463821411,0.39903947710990906,0.48504704236984253
0.16344226896762848,0.9344372749328613,0.14236587285995483
1.030511736869812,0.5495594143867493,0.356446236371994
1.2636743783950806,0.5510437488555908,0.36714115738868713
1.2142161130905151,0.6281273365020752,0.48407790064811707
0.5982247591018677,0.4892796277999878,0.4785780608654022
0.17947860062122345,0.6883935332298279,0.34282800555229187
1.068820834159851,0.4525100886821747,0.4657423198223114
1.035354733467102,0.5748835802078247,0.293720543384552
-0.2820889353752136,0.2523256242275238,0.25550830364227295
1.2451117038726807,0.40568509697914124,0.36332467198371887
1.627457857131958,0.2836827039718628,0.5744290351867676
0.7697089910507202,0.7265270948410034,0.4721507728099823
1.0262514352798462,0.18776291608810425,0.7694898843765259
1.365277647972107,0.7122814059257507,0.8547632694244385
2.156369209289551,0.5163705945014954,0.42730948328971863
0.8240467309951782,0.4380439817905426,0.2247089296579361
1.362106204032898,0.43423959612846375,0.5610483884811401
2.005519390106201,0.34952691197395325,0.7203564047813416
0.8572088479995728,0.6286467909812927,0.5532365441322327
0.5664229393005371,0.3033771514892578,0.5497847199440002
0.4300658702850342,0.5295091867446899,0.27617788314819336
0.7593730688095093,0.3556859493255615,0.5791019797325134
0.7596023082733154,0.5928543210029602,0.5143956542015076
0.9489588737487793,0.5243653059005737,0.5814869403839111
1.3421539068222046,0.20786702632904053,0.7328848838806152
0.41017651557922363,0.41755834221839905,0.3511459231376648
3.2599239349365234,0.17504461109638214,0.4055113196372986
0.23533622920513153,0.703184187412262,0.5088251829147339
2.5952768325805664,0.4994772970676422,0.49989449977874756
-0.014869136735796928,0.6807349920272827,0.3421831429004669
0.8480464220046997,0.34189796447753906,0.5702728033065796
0.655363917350769,0.577972948551178,0.32260191440582275
0.7941604852676392,0.8312247395515442,0.2098926454782486
1.2557417154312134,0.43615633249282837,0.34505191445350647
0.6326559782028198,0.6891965866088867,0.4772493243217468
2.005519390106201,0.34952691197395325,0.7203564047813416
0.3859439492225647,0.3288925588130951,0.5915122628211975
0.9483215808868408,0.4311385452747345,0.3594672679901123
1.362106204032898,0.43423959612846375,0.5610483884811401
2.040517568588257,0.4047718644142151,0.5213437676429749
0.33359965682029724,0.7418250441551208,0.31841930747032166
1.1728483438491821,0.2840692698955536,0.6617010831832886
0.6059433221817017,0.37443429231643677,0.49473878741264343
2.005519390106201,0.34952691197395325,0.7203564047813416
0.8433659672737122,0.08849143236875534,0.7571421265602112
0.17947860062122345,0.6883935332298279,0.34282800555229187
1.362106204032898,0.43423959612846375,0.5610483884811401
2.005519390106201,0.34952691197395325,0.7203564047813416
2.3076558113098145,0.3781028985977173,0.45546841621398926
0.25538140535354614,0.47871536016464233,0.41736865043640137
1.05709707736969,0.5732038021087646,0.3210122287273407
1.7061530351638794,0.6945366859436035,0.7041279077529907
-0.035422518849372864,0.7943711876869202,0.16735954582691193
0.32595670223236084,0.7509164214134216,0.23621870577335358
0.7174772024154663,0.3868362605571747,0.41812437772750854
0.5451804399490356,0.6311876773834229,0.41179972887039185
1.956464409828186,0.4080227017402649,0.8284079432487488
0.43792724609375,0.2729279100894928,0.5972216129302979
0.6427686214447021,0.8099536895751953,0.8327851891517639
0.3554622530937195,0.7046698927879333,0.35528048872947693
1.90138840675354,0.9422014355659485,0.13183476030826569
1.3067119121551514,0.827472448348999,0.23765474557876587
0.9555625915527344,0.6281421780586243,0.37499067187309265
2.005519390106201,0.34952691197395325,0.7203564047813416
1.0190958976745605,0.17049556970596313,0.6642730832099915
1.6008387804031372,0.3755755126476288,0.7372207641601562
1.4469918012619019,0.2548576295375824,0.5716931819915771
2.164693832397461,0.3031543493270874,0.8099852204322815
1.206790566444397,0.36522069573402405,0.7118748426437378
0.6938236355781555,0.4080895483493805,0.3778197467327118
0.3934394121170044,0.8762155175209045,0.2870629131793976
2.1952524185180664,0.5754541754722595,0.2311934232711792
0.7457291483879089,0.6090542674064636,0.46414217352867126
2.48323917388916,0.3632078170776367,0.3628973960876465
1.9443597793579102,0.20458346605300903,0.6079832911491394
0.42799675464630127,0.929989755153656,0.14962930977344513
-0.10028758645057678,0.5135926008224487,0.10907068848609924
1.030511736869812,0.5495594143867493,0.356446236371994
0.2408929467201233,0.6785053610801697,0.2891010642051697
0.6047571897506714,0.6948605179786682,0.3761049211025238
0.9401876926422119,0.23782625794410706,0.6150404214859009
-0.43628180027008057,0.448233038187027,0.37236979603767395
1.1063483953475952,0.4920181632041931,0.458779901266098
0.0175603199750185,0.6685439348220825,0.666606605052948
1.1779261827468872,0.6187852621078491,0.30620327591896057
0.45754897594451904,0.586748480796814,0.5637323260307312
3.2877261638641357,0.3561283349990845,0.6490046381950378
1.5896865129470825,0.7356697916984558,0.6777060627937317
