1.4556564092636108,0.9219102263450623,0.19455692172050476
0.6146689653396606,0.8045896291732788,0.3698425590991974
0.43029558658599854,0.8758672475814819,0.21388764679431915
1.1803629398345947,0.9024845361709595,0.22817417979240417
0.7335596084594727,0.20495165884494781,0.6846293210983276
1.4624475240707397,0.7880798578262329,0.35138174891471863
0.19363170862197876,0.8301315307617188,0.24576134979724884
0.03569323569536209,0.5645255446434021,0.5766486525535583
0.5496635437011719,0.911316990852356,0.3619472086429596
1.4758230447769165,0.7888427376747131,0.12063038349151611
0.14783146977424622,0.9742928743362427,0.06706064194440842
0.6374287009239197,0.9119227528572083,0.20608335733413696
0.5443268418312073,0.8750835061073303,0.23544172942638397
3.127277374267578,0.7013051509857178,0.7652959823608398
1.5885359048843384,0.4621540904045105,0.5443856120109558
-0.5963912606239319,0.1834537535905838,0.5386108756065369
1.2461919784545898,0.9474722743034363,0.5029012560844421
2.258542537689209,0.22203367948532104,0.618289053440094
0.679840624332428,0.8724915981292725,0.3231947720050812
0.15536874532699585,0.5581221580505371,0.3624052405357361
1.787943959236145,0.8544861674308777,0.7391031384468079
1.599410891532898,0.7936702966690063,0.2336520105600357
0.8511462211608887,0.8562185168266296,0.24293068051338196
2.5572986602783203,0.5192350149154663,0.6164425611495972
0.592616856098175,0.947468101978302,0.20971377193927765
-0.021115785464644432,0.9064216613769531,0.10540302097797394
1.1901684999465942,0.9135605692863464,0.18280230462551117
0.8511462211608887,0.8562185168266296,0.24293068051338196
1.2461919784545898,0.9474722743034363,0.5029012560844421
1.3609778881072998,0.8781126141548157,0.3669168949127197
1.0814590454101562,0.891579806804657,0.23689532279968262
1.0305371284484863,0.981671154499054,0.23336362838745117
1.4684029817581177,0.7295951843261719,0.468401163816452
0.4895660877227783,0.897389829158783,0.17274489998817444
0.4791390895843506,0.8933087587356567,0.39689308404922485
1.4015291929244995,0.8312604427337646,0.36500176787376404
1.8431658744812012,0.8272740840911865,0.34695661067962646
1.3821583986282349,0.9218049049377441,0.1908012181520462
-0.027209872379899025,0.9590408802032471,0.20000411570072174
1.4099723100662231,0.8567897081375122,0.18914608657360077
1.3643155097961426,0.7502626180648804,0.5078604817390442
1.518139123916626,0.513333261013031,0.4040093719959259
0.874703586101532,0.7743815779685974,0.3320690095424652
0.6978129148483276,0.9212956428527832,0.2577746510505676
1.080257534980774,0.2486189901828766,0.4687899649143219
-0.25384312868118286,0.1845446527004242,0.4210422933101654
-0.342359721660614,0.9269558191299438,0.11626435071229935
-0.008167041465640068,0.9307036399841309,0.29915544390678406
0.9752703905105591,0.9117250442504883,0.35361242294311523
0.5096143484115601,0.9311895370483398,0.17709030210971832
0.6967663168907166,0.8227828145027161,0.45608648657798767
6.470529079437256,0.920081377029419,0.527186393737793
0.32598891854286194,0.9413779973983765,0.5567129254341125
0.42430615425109863,0.9804232120513916,0.07656115293502808
1.5537983179092407,0.8748465776443481,0.44140806794166565
1.001667857170105,0.902881383895874,0.400162935256958
0.874703586101532,0.7743815779685974,0.3320690095424652
1.1929117441177368,0.8871181607246399,0.2846985459327698
0.5268363952636719,0.9628242254257202,0.37316781282424927
0.7322759032249451,0.9656460881233215,0.21814541518688202
1.2461919784545898,0.9474722743034363,0.5029012560844421
1.1803629398345947,0.9024845361709595,0.22817417979240417
2.3539490699768066,0.45061424374580383,0.3999554216861725
-0.16380515694618225,0.9301726818084717,0.22790275514125824
1.5478845834732056,0.09985923022031784,0.8841691613197327
1.580245852470398,0.548021137714386,0.40279829502105713
0.22450748085975647,0.7075983881950378,0.44101402163505554
1.4145170450210571,0.9023258090019226,0.5127763748168945
1.0546725988388062,0.8716588616371155,0.24102725088596344
0.45098358392715454,0.7172911167144775,0.2918410897254944
2.1841509342193604,0.6353932619094849,0.6390743851661682
2.036808490753174,0.30744853615760803,0.4638805389404297
0.8511462211608887,0.8562185168266296,0.24293068051338196
0.9292360544204712,0.8995924592018127,0.2694748640060425
1.601810336112976,0.09532926976680756,0.774082362651825
1.3833612203598022,0.6276836395263672,0.4644283354282379
1.030446171760559,0.9355602264404297,0.14596524834632874
0.8670856356620789,0.2357781082391739,0.471072256565094
0.9848453402519226,0.21018998324871063,0.5033864378929138
2.215528964996338,0.8957375288009644,0.26886898279190063
0.6967663168907166,0.8227828145027161,0.45608648657798767
0.11710962653160095,0.9284882545471191,0.05256570875644684
0.9203391671180725,0.279276043176651,0.6329813599586487
1.2164676189422607,0.7072890400886536,0.5729939341545105
1.5287972688674927,0.9218518733978271,0.2358373999595642
1.1744328737258911,0.8679728507995605,0.23309963941574097
0.9941574335098267,0.9023618102073669,0.20884348452091217
1.0552051067352295,0.9026991128921509,0.3678775429725647
2.5282673835754395,0.726256251335144,0.5364009141921997
0.34788212180137634,0.9594087600708008,0.4366954267024994
0.91407710313797,0.20577296614646912,0.40576592087745667
-0.134425088763237,0.9670901894569397,0.3510909676551819
0.43932849168777466,0.8515547513961792,0.2678578794002533
0.874703586101532,0.7743815779685974,0.3320690095424652
0.879391074180603,0.9466944932937622,0.17193928360939026
0.8317731618881226,0.5745421051979065,0.43007948994636536
0.7174772024154663,0.3868362605571747,0.41812437772750854
0.7464122772216797,0.8696136474609375,0.24595123529434204
0.5183290243148804,0.8963718414306641,0.30209431052207947
1.601810336112976,0.09532926976680756,0.774082362651825
0.46688541769981384,0.936529278755188,0.16929937899112701
0.32598891854286194,0.9413779973983765,0.5567129254341125
1.5616341829299927,0.7190166711807251,0.5561537146568298
0.24918878078460693,0.4406951367855072,0.394387811422348
0.9903558492660522,0.8876823782920837,0.3977756202220917
0.8317731618881226,0.5745421051979065,0.43007948994636536
0.5670188665390015,0.517978847026825,0.25175172090530396
1.3659712076187134,0.24532419443130493,0.6330661773681641
0.6967663168907166,0.8227828145027161,0.45608648657798767
0.8865246176719666,0.8630771636962891,0.4655458927154541
0.753361165523529,0.8130044937133789,0.2980509400367737
0.3569102883338928,0.9550109505653381,0.19201314449310303
1.1699895858764648,0.27181506156921387,0.5400958061218262
0.5763204097747803,0.8315659761428833,0.43688878417015076
2.333747625350952,0.9364432692527771,0.13436882197856903
0.5822898149490356,0.3590222895145416,0.45830485224723816
1.3667229413986206,0.8708071708679199,0.5710205435752869
0.7085810899734497,0.9041948318481445,0.5556730628013611
0.5856505632400513,0.9049584269523621,0.3218572437763214
1.787943959236145,0.8544861674308777,0.7391031384468079
1.8126890659332275,0.8122144937515259,0.5248194932937622
1.1901684999465942,0.9135605692863464,0.18280230462551117
0.8382363319396973,0.95816969871521,0.48652881383895874
1.5287972688674927,0.9218518733978271,0.2358373999595642
1.995693325996399,0.8136545419692993,0.495300829410553
0.6277334094047546,0.9060142040252686,0.30480504035949707
0.8309743404388428,0.5373108386993408,0.624512791633606
1.0426552295684814,0.8710837364196777,0.20438526570796967
1.5108625888824463,0.9621893167495728,0.30584341287612915
2.6515488624572754,0.5404754877090454,0.7587412595748901
0.4355698823928833,0.913214921951294,0.3066740930080414
0.324209988117218,0.9312821626663208,0.21133200824260712
0.12835796177387238,0.5795900821685791,0.48850974440574646
0.7576043605804443,0.5049026012420654,0.5537773370742798
1.995693325996399,0.8136545419692993,0.495300829410553
0.874703586101532,0.7743815779685974,0.3320690095424652
0.4587218761444092,0.8986198306083679,0.2921188175678253
1.2398957014083862,0.9566205143928528,0.3418653905391693
1.0166666507720947,0.8981160521507263,0.3997502028942108
1.326947569847107,0.5461109280586243,0.32358676195144653
1.3380208015441895,0.9171819686889648,0.8721462488174438
0.9584118127822876,0.6762223243713379,0.2042834758758545
1.3862992525100708,0.23440957069396973,0.5711532831192017
0.4614067077636719,0.8509523868560791,0.29453805088996887
-0.342359721660614,0.9269558191299438,0.11626435071229935
1.787943959236145,0.8544861674308777,0.7391031384468079
1.310027003288269,0.9371250867843628,0.09755416959524155
0.7357144355773926,0.9012957215309143,0.22952884435653687
-0.2283554971218109,0.4123399555683136,0.3995199501514435
2.2933483123779297,0.3223579525947571,0.3405734896659851
0.5229501724243164,0.9563716053962708,0.11414534598588943
1.1846214532852173,0.89718097448349,0.47618210315704346
0.05861544609069824,0.9362163543701172,0.39204779267311096
0.4257012605667114,0.9128237366676331,0.15368464589118958
0.841353714466095,0.6157856583595276,0.3177325129508972
1.5287972688674927,0.9218518733978271,0.2358373999595642
0.2221544235944748,0.8691172003746033,0.5634341835975647
0.48794031143188477,0.7775787115097046,0.13112039864063263
1.6589949131011963,0.6670738458633423,0.47720226645469666
2.429121732711792,0.4067389965057373,0.5372804403305054
1.3578134775161743,0.8972064852714539,0.22384612262248993
0.841353714466095,0.6157856583595276,0.3177325129508972
0.9605564475059509,0.17878977954387665,0.5863287448883057
-0.1203913539648056,0.4178520739078522,0.39852815866470337
1.5752314329147339,0.9042270183563232,0.2684246003627777
1.2824815511703491,0.35236501693725586,0.47384780645370483
1.178123116493225,0.8899898529052734,0.41776421666145325
0.12835796177387238,0.5795900821685791,0.48850974440574646
1.2302078008651733,0.9444060325622559,0.31139934062957764
0.6374287009239197,0.9119227528572083,0.20608335733413696
0.8511462211608887,0.8562185168266296,0.24293068051338196
0.43686527013778687,0.6247947216033936,0.25962942838668823
0.4496302008628845,0.40718355774879456,0.31874480843544006
0.08671233057975769,0.8984460234642029,0.10806436091661453
0.6403058767318726,0.3397115170955658,0.6722264885902405
1.3578134775161743,0.8972064852714539,0.22384612262248993
0.353961706161499,0.5721038579940796,0.3269585371017456
0.6403058767318726,0.3397115170955658,0.6722264885902405
1.9938029050827026,0.2550787329673767,0.6844499707221985
0.08707104623317719,0.8960034251213074,0.3384860157966614
1.8478683233261108,0.7285912036895752,0.4740641117095947
1.0814590454101562,0.891579806804657,0.23689532279968262
0.9815117120742798,0.8085363507270813,0.39586570858955383
0.853838324546814,0.9141042828559875,0.35914507508277893
0.6978129148483276,0.9212956428527832,0.2577746510505676
0.8903889656066895,0.5581028461456299,0.28709325194358826
0.665482223033905,0.4262978136539459,0.769935667514801
1.787943959236145,0.8544861674308777,0.7391031384468079
1.5287972688674927,0.9218518733978271,0.2358373999595642
0.5698881149291992,0.45397064089775085,0.6954671740531921
0.9203391671180725,0.279276043176651,0.6329813599586487
2.184312343597412,0.8601297736167908,0.34569844603538513
2.213754653930664,0.5075300931930542,0.6075241565704346
-0.12375673651695251,0.9226592183113098,0.2621389925479889
0.5967534184455872,0.824265718460083,0.22375835478305817
0.6374287009239197,0.9119227528572083,0.20608335733413696
0.9203391671180725,0.279276043176651,0.6329813599586487
1.2461919784545898,0.9474722743034363,0.5029012560844421
1.0860847234725952,0.8941628932952881,0.3487008512020111
1.1265771389007568,0.8498830199241638,0.19176526367664337
1.1057281494140625,0.8761696815490723,0.26143500208854675
0.9030048847198486,0.9649633765220642,0.7260056138038635
0.8511462211608887,0.8562185168266296,0.24293068051338196
-0.24137833714485168,0.9792442917823792,0.08124455064535141
1.3045822381973267,0.9315528273582458,0.38048866391181946
1.7218295335769653,0.9751087427139282,0.11674614250659943
-0.4017711281776428,0.8408572673797607,0.28974825143814087
0.775497555732727,0.27862101793289185,0.4629786014556885
1.8704551458358765,0.8584909439086914,0.4135146737098694
0.9547227621078491,0.5704938173294067,0.4128783643245697
0.6864312887191772,0.9319114089012146,0.2173479199409485
2.036808490753174,0.30744853615760803,0.4638805389404297
0.9476656317710876,0.916533350944519,0.3124043643474579
1.2111854553222656,0.7821975946426392,0.5150147676467896
1.222025752067566,0.4012167453765869,0.530792772769928
0.3280099034309387,0.7607316970825195,0.2546749711036682
0.9198335409164429,0.7469556927680969,0.3874746561050415
0.6374287009239197,0.9119227528572083,0.20608335733413696
0.14783146977424622,0.9742928743362427,0.06706064194440842
0.6967663168907166,0.8227828145027161,0.45608648657798767
0.17031869292259216,0.25115588307380676,0.29710912704467773
1.7254278659820557,0.8851090669631958,0.586004912853241
2.212538719177246,0.7513801455497742,0.3193804621696472
0.6967663168907166,0.8227828145027161,0.45608648657798767
-0.2088320255279541,0.9532732367515564,0.18757320940494537
1.8285120725631714,0.9226953387260437,0.4747636616230011
0.14783146977424622,0.9742928743362427,0.06706064194440842
1.8431658744812012,0.8272740840911865,0.34695661067962646
0.911066472530365,0.7440699338912964,0.27109208703041077
0.6967663168907166,0.8227828145027161,0.45608648657798767
0.685875415802002,0.6953511238098145,0.08815722912549973
0.27654901146888733,0.7200480103492737,0.5272313952445984
1.2111854553222656,0.7821975946426392,0.5150147676467896
0.8575323224067688,0.9711014032363892,0.11096513271331787
0.8813694715499878,0.7234916687011719,0.4907388389110565
0.5998455286026001,0.4567532539367676,0.7360963821411133
1.087720513343811,0.2966931164264679,0.5067425966262817
1.0802377462387085,0.550129234790802,0.3393506109714508
0.8511462211608887,0.8562185168266296,0.24293068051338196
0.371267169713974,0.9166738390922546,0.20232805609703064
0.9938263893127441,0.9178680181503296,0.2155117392539978
1.0413097143173218,0.20991720259189606,0.5651478171348572
1.0073447227478027,0.8121094107627869,0.33381977677345276
0.32598891854286194,0.9413779973983765,0.5567129254341125
1.9017702341079712,0.08562828600406647,0.8361316919326782
1.8282912969589233,0.7010828852653503,0.6316125392913818
0.8511462211608887,0.8562185168266296,0.24293068051338196
-0.3272160291671753,0.9289160370826721,0.28553012013435364
0.8511462211608887,0.8562185168266296,0.24293068051338196
0.3044540286064148,0.9184198379516602,0.4004076421260834
1.1423100233078003,0.9741272330284119,0.1664440780878067
1.279581069946289,0.9007759094238281,0.6140512228012085
0.6281562447547913,0.8345358967781067,0.14278370141983032
0.7821324467658997,0.9554081559181213,0.21666747331619263
2.608975410461426,0.7408746480941772,0.6345629096031189
2.269075870513916,0.8240039944648743,0.6787463426589966
2.378970146179199,0.878332257270813,0.35373854637145996
0.5207164287567139,0.5040519833564758,0.34063270688056946
0.679840624332428,0.8724915981292725,0.3231947720050812
1.0473871231079102,0.9148344397544861,0.33525487780570984
0.3044540286064148,0.9184198379516602,0.4004076421260834
0.48831790685653687,0.885904848575592,0.30141082406044006
1.1985713243484497,0.7945935726165771,0.2738604247570038
1.3406070470809937,0.7631053328514099,0.6398729681968689
0.7130038738250732,0.3567957282066345,0.7967708110809326
1.1839348077774048,0.7821424603462219,0.8963114023208618
0.18280383944511414,0.8630310893058777,0.5104395747184753
0.5770747065544128,0.8824782371520996,0.38137808442115784
1.787943959236145,0.8544861674308777,0.7391031384468079
1.5287972688674927,0.9218518733978271,0.2358373999595642
0.6804444193840027,0.8640217185020447,0.15287932753562927
0.8511462211608887,0.8562185168266296,0.24293068051338196
0.3444485068321228,0.8583942651748657,0.21724441647529602
1.3828603029251099,0.947364866733551,0.3555706739425659
0.8511462211608887,0.8562185168266296,0.24293068051338196
1.5442427396774292,0.8939077258110046,0.33921095728874207
0.3569102883338928,0.9550109505653381,0.19201314449310303
1.0889045000076294,0.9596037268638611,0.2729913294315338
0.32598891854286194,0.9413779973983765,0.5567129254341125
2.236858606338501,0.6729976534843445,0.38614147901535034
0.47786587476730347,0.9128844141960144,0.4644874930381775
2.1334071159362793,0.8588336706161499,0.5051372051239014
2.036808490753174,0.30744853615760803,0.4638805389404297
1.8431658744812012,0.8272740840911865,0.34695661067962646
0.9611705541610718,0.9315760135650635,0.17566156387329102
-0.7267752885818481,0.9865473508834839,0.16450093686580658
1.4469760656356812,0.1037345752120018,0.8064546585083008
1.1258430480957031,0.9138227701187134,0.3271712362766266
1.3008137941360474,0.8926832675933838,0.16204872727394104
0.6967663168907166,0.8227828145027161,0.45608648657798767
0.6967663168907166,0.8227828145027161,0.45608648657798767
0.12835796177387238,0.5795900821685791,0.48850974440574646
1.514687180519104,0.9161970019340515,0.30309587717056274
1.0339607000350952,0.5508302450180054,0.6695545315742493
0.7820894718170166,0.3808227777481079,0.4775892496109009
2.036808490753174,0.30744853615760803,0.4638805389404297
1.098361849784851,0.19708095490932465,0.8534186482429504
0.36069241166114807,0.42736077308654785,0.2311617136001587
1.2111854553222656,0.7821975946426392,0.5150147676467896
-0.09891293197870255,0.7318841218948364,0.44777587056159973
0.419095516204834,0.8129220008850098,0.20778363943099976
0.2048220932483673,0.955096960067749,0.04528382793068886
0.8510727286338806,0.8923693299293518,0.24657821655273438
1.5478845834732056,0.09985923022031784,0.8841691613197327
-0.22704747319221497,0.9479353427886963,0.1881728172302246
1.1396526098251343,0.325116366147995,0.6108406186103821
1.0814590454101562,0.891579806804657,0.23689532279968262
1.1047254800796509,0.3364977240562439,0.7229898571968079
1.2845314741134644,0.6028003692626953,0.4268333911895752
0.9843502044677734,0.8412109613418579,0.37331530451774597
1.8496830463409424,0.5644364953041077,0.3904975354671478
2.085153818130493,0.5161831378936768,0.7454906702041626
1.2111854553222656,0.7821975946426392,0.5150147676467896
0.9251174926757812,0.3650359809398651,0.26773881912231445
1.256392240524292,0.14665207266807556,0.7211848497390747
0.3904573917388916,0.8922644257545471,0.30354151129722595
0.7085810899734497,0.9041948318481445,0.5556730628013611
2.212538719177246,0.7513801455497742,0.3193804621696472
0.28825685381889343,0.902961790561676,0.20486193895339966
0.22450748085975647,0.7075983881950378,0.44101402163505554
0.3111743927001953,0.7806528210639954,0.33144518733024597
0.5668214559555054,0.33893927931785583,0.607188880443573
0.874703586101532,0.7743815779685974,0.3320690095424652
0.6967663168907166,0.8227828145027161,0.45608648657798767
0.5729287266731262,0.6003127098083496,0.4998849034309387
1.2077678442001343,0.7645758986473083,0.45609718561172485
0.6374287009239197,0.9119227528572083,0.20608335733413696
-0.11453603208065033,0.88431715965271,0.14418324828147888
1.2999204397201538,0.6158080697059631,0.5094707012176514
0.8511462211608887,0.8562185168266296,0.24293068051338196
1.5072535276412964,0.9311281442642212,0.40147069096565247
1.6420108079910278,0.904028594493866,0.37666091322898865
2.487393856048584,0.15345151722431183,0.6703906655311584
0.9410899877548218,0.8785892724990845,0.2127208411693573
0.874703586101532,0.7743815779685974,0.3320690095424652
0.14783146977424622,0.9742928743362427,0.06706064194440842
1.284354567527771,0.4063994586467743,0.5971116423606873
0.32277894020080566,0.8423581719398499,0.21484926342964172
1.490412950515747,0.4389515519142151,0.3939032256603241
1.222302794456482,0.21221230924129486,0.6213255524635315
0.8170250654220581,0.8710405826568604,0.287044495344162
2.975703239440918,0.9352919459342957,0.5517427325248718
0.5653154850006104,0.9147171974182129,0.5144917368888855
0.6455431580543518,0.9091131687164307,0.23130983114242554
0.07210712879896164,0.8701971173286438,0.18321886658668518
2.8067169189453125,0.9645052552223206,0.20076307654380798
1.8431658744812012,0.8272740840911865,0.34695661067962646
1.1901684999465942,0.9135605692863464,0.18280230462551117
0.30402907729148865,0.9489919543266296,0.11403058469295502
1.6420108079910278,0.904028594493866,0.37666091322898865
1.5072535276412964,0.9311281442642212,0.40147069096565247
0.8511462211608887,0.8562185168266296,0.24293068051338196
0.3977172374725342,0.9352250695228577,0.2379174381494522
0.6041404604911804,0.9129763245582581,0.2690761089324951
0.08189963549375534,0.9313526153564453,0.44418179988861084
8.006488800048828,0.8971048593521118,0.6364224553108215
1.7579437494277954,0.6820079684257507,0.5569652318954468
1.293520212173462,0.9827734231948853,0.12679767608642578
-0.021115785464644432,0.9064216613769531,0.10540302097797394
1.6078143119812012,0.6880655884742737,0.3697130084037781
0.21949604153633118,0.9346928000450134,0.19502098858356476
1.1699895858764648,0.27181506156921387,0.5400958061218262
0.41816917061805725,0.8574342727661133,0.2521332800388336
1.1699895858764648,0.27181506156921387,0.5400958061218262
0.874703586101532,0.7743815779685974,0.3320690095424652
1.431923270225525,0.9075627326965332,0.30314239859580994
0.3010432720184326,0.21851058304309845,0.6594042181968689
0.9210608601570129,0.4763193428516388,0.4235844016075134
1.5164233446121216,0.9059790968894958,0.22693601250648499
1.1419166326522827,0.4238704741001129,0.33603039383888245
-0.5963912606239319,0.1834537535905838,0.5386108756065369
1.995693325996399,0.8136545419692993,0.495300829410553
1.6160072088241577,0.40108394622802734,0.6008581519126892
1.5287972688674927,0.9218518733978271,0.2358373999595642
-0.5963912606239319,0.1834537535905838,0.5386108756065369
0.6967663168907166,0.8227828145027161,0.45608648657798767
0.42430615425109863,0.9804232120513916,0.07656115293502808
-0.5863912105560303,0.9526954293251038,0.19152170419692993
-0.04889575392007828,0.8737592697143555,0.10726379603147507
0.43029558658599854,0.8758672475814819,0.21388764679431915
0.8681238889694214,0.6774743795394897,0.28790855407714844
2.0156571865081787,0.6685161590576172,0.7364271879196167
0.27373525500297546,0.890167772769928,0.25018128752708435
1.2055940628051758,0.21987226605415344,0.8652636408805847
0.3844537138938904,0.8304447531700134,0.7788137793540955
0.8511462211608887,0.8562185168266296,0.24293068051338196
1.9158512353897095,0.26932844519615173,0.43490880727767944
0.8273999691009521,0.9237814545631409,0.3404705226421356
0.8511462211608887,0.8562185168266296,0.24293068051338196
-0.06713829934597015,0.9721786975860596,0.10580862313508987
1.178123116493225,0.8899898529052734,0.41776421666145325
1.5287972688674927,0.9218518733978271,0.2358373999595642
0.3198012709617615,0.9552344083786011,0.15810257196426392
0.19363170862197876,0.8301315307617188,0.24576134979724884
0.925179660320282,0.6317660212516785,0.5148841738700867
-0.22704747319221497,0.9479353427886963,0.1881728172302246
0.324209988117218,0.9312821626663208,0.21133200824260712
1.7313042879104614,0.6595856547355652,0.3843229413032532
-0.40192660689353943,0.930841863155365,0.25620442628860474
1.3862992525100708,0.23440957069396973,0.5711532831192017
0.5268722176551819,0.632117509841919,0.2849001884460449
1.5287972688674927,0.9218518733978271,0.2358373999595642
1.0552051067352295,0.9026991128921509,0.3678775429725647
1.3603094816207886,0.8955422639846802,0.2584002614021301
0.7085810899734497,0.9041948318481445,0.5556730628013611
0.34788212180137634,0.9594087600708008,0.4366954267024994
1.6625639200210571,0.2165762484073639,0.6065237522125244
1.7399181127548218,0.9455605149269104,0.09099385887384415
0.6374287009239197,0.9119227528572083,0.20608335733413696
1.1196829080581665,0.8631283640861511,0.2507556080818176
1.1304517984390259,0.9284225702285767,0.9340681433677673
0.6374287009239197,0.9119227528572083,0.20608335733413696
1.1846214532852173,0.89718097448349,0.47618210315704346
0.3334868252277374,0.9816296100616455,0.13254688680171967
0.874703586101532,0.7743815779685974,0.3320690095424652
1.4674266576766968,0.29459497332572937,0.44096627831459045
0.7775982618331909,0.8347039818763733,0.9324617981910706
0.8003352880477905,0.9430504441261292,0.49847841262817383
0.2048220932483673,0.955096960067749,0.04528382793068886
0.12835796177387238,0.5795900821685791,0.48850974440574646
1.1964945793151855,0.9194939136505127,0.30849531292915344
0.1891425997018814,0.48710396885871887,0.4336105287075043
0.6170133352279663,0.9145468473434448,0.19860023260116577
0.8511462211608887,0.8562185168266296,0.24293068051338196
1.7963024377822876,0.2129821628332138,0.847362756729126
1.3067759275436401,0.19728983938694,0.5266311168670654
0.7279608249664307,0.8688245415687561,0.23201294243335724
2.1442742347717285,0.7788447141647339,0.3805519640445709
-0.010661600157618523,0.443910151720047,0.3430579900741577
2.0802342891693115,0.23809602856636047,0.6566501259803772
0.36066287755966187,0.42858198285102844,0.35362502932548523
0.9386461973190308,0.31981050968170166,0.5116854906082153
0.39579588174819946,0.9401636123657227,0.4630107581615448
1.3544048070907593,0.2961123585700989,0.5203410983085632
0.8695521950721741,0.8174777030944824,0.3641698658466339
0.3044540286064148,0.9184198379516602,0.4004076421260834
0.6967663168907166,0.8227828145027161,0.45608648657798767
0.8511462211608887,0.8562185168266296,0.24293068051338196
0.8317731618881226,0.5745421051979065,0.43007948994636536
0.014286110177636147,0.8967275023460388,0.33211803436279297
1.995693325996399,0.8136545419692993,0.495300829410553
1.7444809675216675,0.8643176555633545,0.41102200746536255
1.8006559610366821,0.8406954407691956,0.3915756046772003
0.5195487141609192,0.9375223517417908,0.4133726954460144
0.42430615425109863,0.9804232120513916,0.07656115293502808
0.8317731618881226,0.5745421051979065,0.43007948994636536
0.42430615425109863,0.9804232120513916,0.07656115293502808
4.9344658851623535,0.9191237688064575,0.5666612386703491
0.8511462211608887,0.8562185168266296,0.24293068051338196
-0.10109970718622208,0.8825329542160034,0.13266898691654205
0.8317731618881226,0.5745421051979065,0.43007948994636536
1.4857639074325562,0.7247252464294434,0.4613768458366394
2.1541130542755127,0.5190355181694031,0.5770525336265564
0.4718881845474243,0.8963388800621033,0.23099398612976074
0.4365057647228241,0.8891021609306335,0.19023504853248596
0.47126710414886475,0.7347221374511719,0.3769911229610443
0.6455431580543518,0.9091131687164307,0.23130983114242554
0.6455431580543518,0.9091131687164307,0.23130983114242554
0.6403058767318726,0.3397115170955658,0.6722264885902405
0.45578426122665405,0.9738457798957825,0.1488293558359146
1.5478845834732056,0.09985923022031784,0.8841691613197327
1.7308804988861084,0.2314177006483078,0.48802846670150757
0.9356518983840942,0.7579404711723328,0.5214090943336487
1.340196132659912,0.13142071664333344,0.814060389995575
0.11710962653160095,0.9284882545471191,0.05256570875644684
0.598420262336731,0.3738974332809448,0.6158570051193237
0.7476661205291748,0.4621615409851074,0.6739378571510315
1.9014064073562622,0.47093409299850464,0.7406601905822754
-0.043645523488521576,0.6773194670677185,0.48327744007110596
0.874703586101532,0.7743815779685974,0.3320690095424652
1.7219749689102173,0.8800779581069946,0.355848491191864
0.044202715158462524,0.9597672820091248,0.1310814917087555
1.5537983179092407,0.8748465776443481,0.44140806794166565
1.4469760656356812,0.1037345752120018,0.8064546585083008
0.05521809309720993,0.3760795593261719,0.31898459792137146
0.1956533044576645,0.8757693767547607,0.22032929956912994
0.32083287835121155,0.8955652117729187,0.2597108781337738
-0.22704747319221497,0.9479353427886963,0.1881728172302246
0.538335382938385,0.8767457604408264,0.23741738498210907
1.580116629600525,0.38516730070114136,0.44598862528800964
1.3578134775161743,0.8972064852714539,0.22384612262248993
0.0913393646478653,0.9139733910560608,0.340629518032074
0.43080708384513855,0.9704936146736145,0.2112606167793274
1.080257534980774,0.2486189901828766,0.4687899649143219
1.3095782995224,0.49050021171569824,0.468291312456131
0.431379497051239,0.9831838011741638,0.47599780559539795
0.051435910165309906,0.9442006349563599,0.27758389711380005
0.3182041049003601,0.7932844161987305,0.38993027806282043
0.1407453417778015,0.965628981590271,0.28748995065689087
-0.021115785464644432,0.9064216613769531,0.10540302097797394
1.1004176139831543,0.21310186386108398,0.6378916501998901
0.05861544609069824,0.9362163543701172,0.39204779267311096
0.43029558658599854,0.8758672475814819,0.21388764679431915
0.6967663168907166,0.8227828145027161,0.45608648657798767
0.47203826904296875,0.9002392888069153,0.1987440437078476
0.05861544609069824,0.9362163543701172,0.39204779267311096
1.9278043508529663,0.8522086143493652,0.24576261639595032
0.6653300523757935,0.23348921537399292,0.6167049407958984
0.3444485068321228,0.8583942651748657,0.21724441647529602
0.7445032000541687,0.9264743328094482,0.16250915825366974
0.6455431580543518,0.9091131687164307,0.23130983114242554
0.32083287835121155,0.8955652117729187,0.2597108781337738
1.4783835411071777,0.8916739225387573,0.4124620854854584
1.3161424398422241,0.9020764231681824,0.42138025164604187
0.10254561901092529,0.8695932626724243,0.17257823050022125
0.4718881845474243,0.8963388800621033,0.23099398612976074
1.7539286613464355,0.08556932210922241,0.838217556476593
1.319901943206787,0.7886574864387512,0.47285860776901245
0.9078571200370789,0.6308407783508301,0.587676465511322
1.1955739259719849,0.8582032322883606,0.33471113443374634
0.679840624332428,0.8724915981292725,0.3231947720050812
-0.10109970718622208,0.8825329542160034,0.13266898691654205
0.6374287009239197,0.9119227528572083,0.20608335733413696
0.7635324001312256,0.8803097605705261,0.27487432956695557
0.29915720224380493,0.6641706228256226,0.380304753780365
0.48794031143188477,0.7775787115097046,0.13112039864063263
0.7644805908203125,0.5673530697822571,0.6670268177986145
0.598420262336731,0.3738974332809448,0.6158570051193237
0.431379497051239,0.9831838011741638,0.47599780559539795
1.4990483522415161,0.9060367345809937,0.5354069471359253
1.3905384540557861,0.8833137154579163,0.43726152181625366
1.0166666507720947,0.8981160521507263,0.3997502028942108
0.9410899877548218,0.8785892724990845,0.2127208411693573
0.32598891854286194,0.9413779973983765,0.5567129254341125
-0.00878971628844738,0.4226996898651123,0.41212689876556396
0.05861544609069824,0.9362163543701172,0.39204779267311096
0.8880157470703125,0.22233682870864868,0.3129684329032898
0.8122403621673584,0.9355025887489319,0.2996862530708313
1.7171953916549683,0.8015989661216736,0.39945587515830994
0.1794707179069519,0.42137765884399414,0.5196864604949951
1.080257534980774,0.2486189901828766,0.4687899649143219
0.7162184119224548,0.9240437746047974,0.26019394397735596
1.1929117441177368,0.8871181607246399,0.2846985459327698
1.659536361694336,0.29630783200263977,0.43917378783226013
0.753361165523529,0.8130044937133789,0.2980509400367737
0.6074029207229614,0.9391101598739624,0.3381436765193939
0.20089955627918243,0.8970191478729248,0.34744206070899963
0.874703586101532,0.7743815779685974,0.3320690095424652
0.38673606514930725,0.6781529188156128,0.44696885347366333
0.6374287009239197,0.9119227528572083,0.20608335733413696
0.42430615425109863,0.9804232120513916,0.07656115293502808
0.43125611543655396,0.8636683821678162,0.2621518075466156
1.2293678522109985,0.45615285634994507,0.6360893845558167
0.6673754453659058,0.9343374967575073,0.5669106841087341
-0.2088320255279541,0.9532732367515564,0.18757320940494537
2.580768585205078,0.702582061290741,0.3402096629142761
1.689177393913269,0.9138522744178772,0.17771895229816437
1.282081961631775,0.7530693411827087,0.4701476991176605
1.178123116493225,0.8899898529052734,0.41776421666145325
0.679840624332428,0.8724915981292725,0.3231947720050812
0.2393958866596222,0.6032568216323853,0.458181232213974
0.6811354756355286,0.647612452507019,0.39106863737106323
0.874703586101532,0.7743815779685974,0.3320690095424652
0.9231657981872559,0.5483102798461914,0.36413827538490295
2.0941333770751953,0.8163987398147583,0.49345821142196655
1.5017033815383911,0.8814817667007446,0.5956042408943176
-0.1589507758617401,0.7494843006134033,0.22166699171066284
1.5537983179092407,0.8748465776443481,0.44140806794166565
0.24323171377182007,0.9421986937522888,0.20945024490356445
0.4753640294075012,0.9096559286117554,0.29977867007255554
0.6864312887191772,0.9319114089012146,0.2173479199409485
1.2908364534378052,0.87552809715271,0.6816697120666504
0.5519798398017883,0.9112635850906372,0.47320032119750977
1.4783835411071777,0.8916739225387573,0.4124620854854584
-0.2088320255279541,0.9532732367515564,0.18757320940494537
1.490412950515747,0.4389515519142151,0.3939032256603241
1.2164676189422607,0.7072890400886536,0.5729939341545105
1.787943959236145,0.8544861674308777,0.7391031384468079
0.41849780082702637,0.7805720567703247,0.26409828662872314
1.0540351867675781,0.8070695400238037,0.2511148452758789
0.4718881845474243,0.8963388800621033,0.23099398612976074
1.1296515464782715,0.4356655478477478,0.4252948760986328
0.665482223033905,0.4262978136539459,0.769935667514801
1.0685259103775024,0.09629690647125244,0.7610448598861694
0.3884674906730652,0.7659378051757812,0.2736412584781647
1.6160072088241577,0.40108394622802734,0.6008581519126892
0.32598891854286194,0.9413779973983765,0.5567129254341125
-0.3275488018989563,0.9696494340896606,0.20558258891105652
0.3473398685455322,0.704378604888916,0.26903006434440613
0.6967663168907166,0.8227828145027161,0.45608648657798767
1.5626786947250366,0.30624574422836304,0.5084904432296753
0.8982062935829163,0.583820641040802,0.5116295218467712
1.2461919784545898,0.9474722743034363,0.5029012560844421
-0.021115785464644432,0.9064216613769531,0.10540302097797394
1.265313982963562,0.190359428524971,0.6451241970062256
1.3578134775161743,0.8972064852714539,0.22384612262248993
0.9139821529388428,0.9488883018493652,0.20879100263118744
0.38796085119247437,0.49730873107910156,0.3364325761795044
0.8621423840522766,0.9614341259002686,0.12175171822309494
0.5502612590789795,0.4011835753917694,0.7473157644271851
0.6374287009239197,0.9119227528572083,0.20608335733413696
1.2331945896148682,0.9733723998069763,0.10881385952234268
1.053510069847107,0.9338863492012024,0.6578134298324585
0.874703586101532,0.7743815779685974,0.3320690095424652
0.1443438082933426,0.9511633515357971,0.2820073366165161
0.5519798398017883,0.9112635850906372,0.47320032119750977
1.9949499368667603,0.8324262499809265,0.41313818097114563
0.9203391671180725,0.279276043176651,0.6329813599586487
1.0878410339355469,0.18932926654815674,0.45428791642189026
1.5248982906341553,0.913446843624115,0.373243510723114
0.5401725769042969,0.8534226417541504,0.37064802646636963
1.0536779165267944,0.26690393686294556,0.3965875506401062
1.0878410339355469,0.18932926654815674,0.45428791642189026
-0.004803655669093132,0.9341597557067871,0.3788456618785858
1.3962286710739136,0.969851016998291,0.29456886649131775
1.0546725988388062,0.8716588616371155,0.24102725088596344
0.6972833275794983,0.5457433462142944,0.381791353225708
0.3182041049003601,0.7932844161987305,0.38993027806282043
1.1242400407791138,0.8451788425445557,0.5557401180267334
1.4783835411071777,0.8916739225387573,0.4124620854854584
1.9503182172775269,0.5932267904281616,0.6289532780647278
-0.5963912606239319,0.1834537535905838,0.5386108756065369
1.2214056253433228,0.5312877893447876,0.692966103553772
0.9023954272270203,0.7727625370025635,0.4063705503940582
0.32598891854286194,0.9413779973983765,0.5567129254341125
-0.08841866254806519,0.9794827699661255,0.12989109754562378
0.47203826904296875,0.9002392888069153,0.1987440437078476
0.3318546712398529,0.691428005695343,0.17077243328094482
0.874703586101532,0.7743815779685974,0.3320690095424652
0.7242598533630371,0.6838140487670898,0.42837798595428467
1.0721889734268188,0.9526797533035278,0.1291373074054718
1.4220956563949585,0.2411660999059677,0.6877377033233643
1.792680025100708,0.1567506641149521,0.7973246574401855
2.0600337982177734,0.5325465798377991,0.5260369181632996
0.7200193405151367,0.5468320846557617,0.39499810338020325
0.4498419761657715,0.5914837121963501,0.3174416422843933
1.080257534980774,0.2486189901828766,0.4687899649143219
0.6403058767318726,0.3397115170955658,0.6722264885902405
0.853838324546814,0.9141042828559875,0.35914507508277893
2.557842969894409,0.32467666268348694,0.919501543045044
-0.18192923069000244,0.9167358875274658,0.5487882494926453
1.9792675971984863,0.2636719346046448,0.45629701018333435
0.4496574401855469,0.7207618355751038,0.251569002866745
1.080257534980774,0.2486189901828766,0.4687899649143219
0.22350408136844635,0.8782323002815247,0.5843648910522461
0.5659633874893188,0.8825063705444336,0.6547922492027283
1.62943696975708,0.5481539964675903,0.4438999891281128
0.8628252148628235,0.9321098923683167,0.1489180624485016
1.8614906072616577,0.7655264735221863,0.49402862787246704
1.846777081489563,0.8887839913368225,0.52220219373703
0.6665195226669312,0.8916767835617065,0.23741263151168823
1.1273757219314575,0.9534244537353516,0.29293161630630493
-0.13726821541786194,0.9727879166603088,0.11742199957370758
1.145823359489441,0.9102360606193542,0.29372525215148926
-0.2088320255279541,0.9532732367515564,0.18757320940494537
1.3578134775161743,0.8972064852714539,0.22384612262248993
0.9215790033340454,0.944452702999115,0.17844828963279724
-0.32626649737358093,0.18064352869987488,0.4476924240589142
2.036808490753174,0.30744853615760803,0.4638805389404297
0.5744043588638306,0.9449232220649719,0.35422804951667786
0.2344062179327011,0.5220493078231812,0.3485318124294281
1.839601755142212,0.8860877752304077,0.369697630405426
0.753361165523529,0.8130044937133789,0.2980509400367737
1.0546725988388062,0.8716588616371155,0.24102725088596344
0.5812293887138367,0.5233496427536011,0.43378746509552
0.6403058767318726,0.3397115170955658,0.6722264885902405
0.05861544609069824,0.9362163543701172,0.39204779267311096
0.4355698823928833,0.913214921951294,0.3066740930080414
0.5372716188430786,0.9613306522369385,0.13976751267910004
1.3578134775161743,0.8972064852714539,0.22384612262248993
1.8208438158035278,0.4942007064819336,0.5887095332145691
0.7801844477653503,0.9346692562103271,0.30852675437927246
0.6374287009239197,0.9119227528572083,0.20608335733413696
1.2461919784545898,0.9474722743034363,0.5029012560844421
0.4496302008628845,0.40718355774879456,0.31874480843544006
0.5963135361671448,0.848017692565918,0.38964077830314636
3.0804567337036133,0.34678006172180176,0.5565496683120728
0.22454200685024261,0.6860083937644958,0.318191796541214
0.7014071941375732,0.683397114276886,0.31202057003974915
1.260722041130066,0.7297977805137634,0.7578252553939819
2.1833438873291016,0.37848079204559326,0.46469947695732117
0.8317731618881226,0.5745421051979065,0.43007948994636536
0.24633383750915527,0.9339545369148254,0.22803889214992523
1.1703904867172241,0.9275311827659607,0.17282970249652863
0.3849269151687622,0.8369784355163574,0.5158230066299438
0.8621423840522766,0.9614341259002686,0.12175171822309494
0.4921577572822571,0.9060847759246826,0.5012637376785278
-0.4050855040550232,0.959291398525238,0.3764307200908661
1.1803629398345947,0.9024845361709595,0.22817417979240417
0.7290123701095581,0.9232155680656433,0.16331170499324799
1.6108914613723755,0.9179380536079407,0.36175888776779175
0.43029558658599854,0.8758672475814819,0.21388764679431915
-0.5963912606239319,0.1834537535905838,0.5386108756065369
0.8316681385040283,0.8688138723373413,0.24401478469371796
0.8258911371231079,0.9824173450469971,0.7351372241973877
0.3280099034309387,0.7607316970825195,0.2546749711036682
0.598420262336731,0.3738974332809448,0.6158570051193237
0.16038861870765686,0.7292127013206482,0.341006338596344
0.502779483795166,0.9632265567779541,0.20332752168178558
1.034956932067871,0.8895142674446106,0.3024497926235199
0.7247267365455627,0.941556453704834,0.3633602261543274
1.0202394723892212,0.5433183312416077,0.3266412317752838
1.518139123916626,0.513333261013031,0.4040093719959259
0.39260876178741455,0.6070916652679443,0.40250059962272644
1.7562693357467651,0.7862750291824341,0.4755723476409912
0.6322641372680664,0.5968409776687622,0.3302619159221649
0.21872210502624512,0.7685617208480835,0.37580224871635437
0.87879878282547,0.7591167092323303,0.27892032265663147
0.7322759032249451,0.9656460881233215,0.21814541518688202
0.9941574335098267,0.9023618102073669,0.20884348452091217
0.8480613827705383,0.8344568014144897,0.34468623995780945
1.293520212173462,0.9827734231948853,0.12679767608642578
0.22450748085975647,0.7075983881950378,0.44101402163505554
0.6967663168907166,0.8227828145027161,0.45608648657798767
1.0814590454101562,0.891579806804657,0.23689532279968262
1.7186702489852905,0.8880093693733215,0.5246996283531189
1.1846214532852173,0.89718097448349,0.47618210315704346
0.8511462211608887,0.8562185168266296,0.24293068051338196
1.1057281494140625,0.8761696815490723,0.26143500208854675
1.3186527490615845,0.29796645045280457,0.444007933139801
-0.7287526726722717,0.9876290559768677,0.19979070127010345
1.2461919784545898,0.9474722743034363,0.5029012560844421
0.8317731618881226,0.5745421051979065,0.43007948994636536
0.6374287009239197,0.9119227528572083,0.20608335733413696
1.787943959236145,0.8544861674308777,0.7391031384468079
0.8511462211608887,0.8562185168266296,0.24293068051338196
2.429121732711792,0.4067389965057373,0.5372804403305054
2.682173252105713,0.5836014747619629,0.44553932547569275
0.4027771055698395,0.8573634624481201,0.25620603561401367
1.0814590454101562,0.891579806804657,0.23689532279968262
0.6952276825904846,0.9497212767601013,0.3024325370788574
1.6841074228286743,0.8514562249183655,0.3058883547782898
0.9171693921089172,0.7109155058860779,0.40824151039123535
0.5238530039787292,0.7333073019981384,0.6105925440788269
1.4007080793380737,0.6688907146453857,0.4884251058101654
1.8563898801803589,0.8604769110679626,0.6492293477058411
-0.22704747319221497,0.9479353427886963,0.1881728172302246
0.7990233302116394,0.8772850036621094,0.2050793468952179
1.4674266576766968,0.29459497332572937,0.44096627831459045
0.7041966915130615,0.927177906036377,0.17947348952293396
1.049932599067688,0.885822594165802,0.27574288845062256
0.38673606514930725,0.6781529188156128,0.44696885347366333
2.269075870513916,0.8240039944648743,0.6787463426589966
1.9448171854019165,0.4574809968471527,0.835698127746582
0.7232577204704285,0.8929206132888794,0.27044475078582764
-0.1898924857378006,0.7171809673309326,0.22031080722808838
-0.3217507004737854,0.808359682559967,0.27214565873146057
0.6046202778816223,0.9417648315429688,0.3232399523258209
0.5846289396286011,0.24764765799045563,0.49602577090263367
0.8511462211608887,0.8562185168266296,0.24293068051338196
-0.07522022724151611,0.9456440806388855,0.40711358189582825
0.6650660037994385,0.8900686502456665,0.2898876368999481
0.32598891854286194,0.9413779973983765,0.5567129254341125
1.080804705619812,0.6397367715835571,0.794418215751648
1.1906574964523315,0.9085628390312195,0.31290555000305176
0.32083287835121155,0.8955652117729187,0.2597108781337738
0.5595684051513672,0.5092509388923645,0.44800058007240295
1.8696801662445068,0.9584108591079712,0.13641305267810822
0.625366747379303,0.9410548210144043,0.2445271760225296
6.440954208374023,0.9143115282058716,0.5343860387802124
0.27373525500297546,0.890167772769928,0.25018128752708435
0.32598891854286194,0.9413779973983765,0.5567129254341125
3.523312568664551,0.9526958465576172,0.14102260768413544
1.6775099039077759,0.8751072883605957,0.42009708285331726
1.8431658744812012,0.8272740840911865,0.34695661067962646
-0.27000123262405396,0.9159473180770874,0.4028213918209076
0.598420262336731,0.3738974332809448,0.6158570051193237
1.1955739259719849,0.8582032322883606,0.33471113443374634
0.6967663168907166,0.8227828145027161,0.45608648657798767
0.48794031143188477,0.7775787115097046,0.13112039864063263
0.5813417434692383,0.5132150053977966,0.3241811990737915
-0.342359721660614,0.9269558191299438,0.11626435071229935
0.5413237810134888,0.8975315093994141,0.47077956795692444
1.0814590454101562,0.891579806804657,0.23689532279968262
0.9609252214431763,0.9323825836181641,0.25373759865760803
0.8830960988998413,0.8946359753608704,0.208238422870636
0.5027755498886108,0.38683658838272095,0.523017168045044
0.6277334094047546,0.9060142040252686,0.30480504035949707
1.096400499343872,0.8852395415306091,0.35905078053474426
0.3849269151687622,0.8369784355163574,0.5158230066299438
0.7276960611343384,0.9252861142158508,0.3203096091747284
0.5432699918746948,0.9658899903297424,0.7183398604393005
1.0757991075515747,0.8445835113525391,0.3667312562465668
2.0131092071533203,0.7164580821990967,0.28307467699050903
1.491944432258606,0.9138143062591553,0.3789575695991516
0.2029184103012085,0.8081914782524109,0.32431721687316895
0.6978129148483276,0.9212956428527832,0.2577746510505676
1.183024525642395,0.7260435223579407,0.23203176259994507
0.6374287009239197,0.9119227528572083,0.20608335733413696
0.9747878909111023,0.7218815088272095,0.6722703576087952
0.8960615396499634,0.2331637293100357,0.4855852723121643
0.9171693921089172,0.7109155058860779,0.40824151039123535
0.6928048133850098,0.308497816324234,0.4439532160758972
1.0377634763717651,0.35263630747795105,0.5114552974700928
0.32535308599472046,0.9842897057533264,0.3492529094219208
0.6403058767318726,0.3397115170955658,0.6722264885902405
1.2666524648666382,0.14408421516418457,0.8014312982559204
1.4866743087768555,0.8210468888282776,0.26691222190856934
1.787943959236145,0.8544861674308777,0.7391031384468079
1.5516598224639893,0.8502829074859619,0.2713026702404022
0.48794031143188477,0.7775787115097046,0.13112039864063263
2.269075870513916,0.8240039944648743,0.6787463426589966
0.0576239749789238,0.8488582968711853,0.5270193815231323
1.3698164224624634,0.9661312103271484,0.21533377468585968
1.4556564092636108,0.9219102263450623,0.19455692172050476
-0.021115785464644432,0.9064216613769531,0.10540302097797394
0.8102134466171265,0.7997898459434509,0.32051998376846313
0.5642338991165161,0.2124500721693039,0.5464712977409363
2.269075870513916,0.8240039944648743,0.6787463426589966
1.9817785024642944,0.5386120676994324,0.6245829463005066
1.5289117097854614,0.6034208536148071,0.3138274848461151
-0.22704747319221497,0.9479353427886963,0.1881728172302246
0.6374287009239197,0.9119227528572083,0.20608335733413696
0.35443252325057983,0.8091407418251038,0.4692622423171997
1.144037127494812,0.36092409491539,0.6372685432434082
1.2911698818206787,0.4367765486240387,0.5255276560783386
0.6932182312011719,0.5800815224647522,0.5991694331169128
1.8154202699661255,0.5197036862373352,0.5787872672080994
0.8317731618881226,0.5745421051979065,0.43007948994636536
0.32598891854286194,0.9413779973983765,0.5567129254341125
0.874703586101532,0.7743815779685974,0.3320690095424652
1.7493634223937988,0.8468287587165833,0.4717802107334137
0.8113397359848022,0.896816611289978,0.2299434244632721
1.8817635774612427,0.6009711623191833,0.40775859355926514
0.874703586101532,0.7743815779685974,0.3320690095424652
0.48794031143188477,0.7775787115097046,0.13112039864063263
1.8531402349472046,0.39520636200904846,0.8040305972099304
0.9759839773178101,0.2818711996078491,0.5318671464920044
1.995693325996399,0.8136545419692993,0.495300829410553
1.8704551458358765,0.8584909439086914,0.4135146737098694
0.9918994903564453,0.83283531665802,0.8564514517784119
1.1785999536514282,0.9608624577522278,0.14549671113491058
1.86153244972229,0.13801349699497223,0.7045156955718994
0.8540201187133789,0.8758317828178406,0.6538989543914795
1.564819574356079,0.38910749554634094,0.5522183775901794
0.32598891854286194,0.9413779973983765,0.5567129254341125
2.1633784770965576,0.793636679649353,0.42229562997817993
0.7605646252632141,0.5212966799736023,0.4604741334915161
0.05861544609069824,0.9362163543701172,0.39204779267311096
0.6403058767318726,0.3397115170955658,0.6722264885902405
1.2461919784545898,0.9474722743034363,0.5029012560844421
1.0878410339355469,0.18932926654815674,0.45428791642189026
1.5287972688674927,0.9218518733978271,0.2358373999595642
-0.3272160291671753,0.9289160370826721,0.28553012013435364
1.7797632217407227,0.7328133583068848,0.4800602197647095
0.44525474309921265,0.9630164504051208,0.3797221779823303
1.2812777757644653,0.6898917555809021,0.6406879425048828
2.140303373336792,0.9814793467521667,0.2665918171405792
1.690539002418518,0.8851273059844971,0.23815926909446716
0.8317731618881226,0.5745421051979065,0.43007948994636536
0.8824756145477295,0.2865726351737976,0.3727942705154419
0.5770747065544128,0.8824782371520996,0.38137808442115784
2.6959214210510254,0.8958784341812134,0.8463544249534607
2.3173458576202393,0.16423891484737396,0.6730381846427917
1.938279151916504,0.36753085255622864,0.4252541661262512
2.093618869781494,0.8184062242507935,0.6446824669837952
0.37621361017227173,0.9300932884216309,0.5274149179458618
0.975772500038147,0.4911077916622162,0.7737075686454773
-0.18802510201931,0.8913277387619019,0.31684204936027527
0.42430615425109863,0.9804232120513916,0.07656115293502808
0.8511462211608887,0.8562185168266296,0.24293068051338196
1.2341748476028442,0.7175211906433105,0.679869532585144
0.6455431580543518,0.9091131687164307,0.23130983114242554
1.763314127922058,0.9757567644119263,0.2166440635919571
0.3044540286064148,0.9184198379516602,0.4004076421260834
0.4814707636833191,0.5952014923095703,0.39956289529800415
0.6403058767318726,0.3397115170955658,0.6722264885902405
0.24021649360656738,0.8407976627349854,0.16386188566684723
0.1733815222978592,0.8917476534843445,0.2943079471588135
0.9171693921089172,0.7109155058860779,0.40824151039123535
0.3290610909461975,0.3270271122455597,0.6227003335952759
0.5229501724243164,0.9563716053962708,0.11414534598588943
0.38796085119247437,0.49730873107910156,0.3364325761795044
0.679840624332428,0.8724915981292725,0.3231947720050812
1.787943959236145,0.8544861674308777,0.7391031384468079
-0.2283554971218109,0.4123399555683136,0.3995199501514435
0.9203391671180725,0.279276043176651,0.6329813599586487
1.7648464441299438,0.6513773202896118,0.5012567043304443
0.887182354927063,0.3572162091732025,0.5203385949134827
1.6839016675949097,0.31685391068458557,0.4614793062210083
1.260428786277771,0.9681297540664673,0.18038702011108398
-0.10784398019313812,0.4534669816493988,0.45640960335731506
0.21950292587280273,0.9324210286140442,0.5268940329551697
0.874703586101532,0.7743815779685974,0.3320690095424652
0.34131526947021484,0.9308858513832092,0.268571674823761
0.6403058767318726,0.3397115170955658,0.6722264885902405
1.0749636888504028,0.3147340714931488,0.6973280310630798
1.2142616510391235,0.5585294961929321,0.5870013236999512
0.6967663168907166,0.8227828145027161,0.45608648657798767
1.5287972688674927,0.9218518733978271,0.2358373999595642
0.09277941286563873,0.9682218432426453,0.14529693126678467
0.8317731618881226,0.5745421051979065,0.43007948994636536
0.2048220932483673,0.955096960067749,0.04528382793068886
1.513559341430664,0.30154624581336975,0.46940651535987854
1.2705069780349731,0.22934909164905548,0.4471803307533264
1.787943959236145,0.8544861674308777,0.7391031384468079
0.9172121286392212,0.9105015397071838,0.2704344689846039
0.7464122772216797,0.8696136474609375,0.24595123529434204
-0.10109970718622208,0.8825329542160034,0.13266898691654205
0.9547227621078491,0.5704938173294067,0.4128783643245697
0.020241519436240196,0.49191775918006897,0.41534996032714844
1.7895280122756958,0.7322782278060913,0.6025728583335876
0.925947368144989,0.9673502445220947,0.41603904962539673
1.6880033016204834,0.13535098731517792,0.7009776830673218
0.8743324279785156,0.9453296065330505,0.35430678725242615
0.8325116634368896,0.13177713751792908,0.7116881012916565
0.45545077323913574,0.8986883759498596,0.22876915335655212
1.7609354257583618,0.43042808771133423,0.6877371072769165
0.11547544598579407,0.8804431557655334,0.28018152713775635
1.6422483921051025,0.9219776391983032,0.2085070013999939
1.787943959236145,0.8544861674308777,0.7391031384468079
-0.09937766939401627,0.8759952187538147,0.32506445050239563
0.11710962653160095,0.9284882545471191,0.05256570875644684
1.0166666507720947,0.8981160521507263,0.3997502028942108
1.2749799489974976,0.5126973986625671,0.5002163052558899
0.21172192692756653,0.7165376543998718,0.35592830181121826
-0.06427858024835587,0.9580758213996887,0.1266784816980362
-0.18802510201931,0.8913277387619019,0.31684204936027527
0.9411200881004333,0.84955894947052,0.4420039653778076
0.6374287009239197,0.9119227528572083,0.20608335733413696
1.0102717876434326,0.7410224080085754,0.25278860330581665
-0.021115785464644432,0.9064216613769531,0.10540302097797394
0.9125899076461792,0.551253616809845,0.4558087885379791
0.9410899877548218,0.8785892724990845,0.2127208411693573
0.6751067638397217,0.898470938205719,0.27606648206710815
0.7260075807571411,0.9623336791992188,0.40506723523139954
1.2998335361480713,0.9802991151809692,0.101300448179245
-0.43020427227020264,0.9688084125518799,0.19799429178237915
0.4646148681640625,0.42906537652015686,0.3008403480052948
1.3724583387374878,0.48713040351867676,0.46923187375068665
2.036808490753174,0.30744853615760803,0.4638805389404297
1.0685259103775024,0.09629690647125244,0.7610448598861694
1.0251270532608032,0.9334157109260559,0.24212227761745453
0.9909025430679321,0.2598920464515686,0.6054341793060303
1.3578134775161743,0.8972064852714539,0.22384612262248993
0.34322160482406616,0.956693708896637,0.623508095741272
0.6967522501945496,0.8338667750358582,0.4711505174636841
0.419095516204834,0.8129220008850098,0.20778363943099976
1.7609354257583618,0.43042808771133423,0.6877371072769165
0.9202104806900024,0.4943747818470001,0.3597683012485504
0.3006986975669861,0.968505322933197,0.3552689850330353
2.0749144554138184,0.6870198845863342,0.5421535968780518
0.48353883624076843,0.942732572555542,0.29944294691085815
0.7445032000541687,0.9264743328094482,0.16250915825366974
1.024123191833496,0.23572520911693573,0.6155707836151123
1.0546725988388062,0.8716588616371155,0.24102725088596344
0.8273999691009521,0.9237814545631409,0.3404705226421356
1.782852292060852,0.9770300388336182,0.23655425012111664
1.362106204032898,0.43423959612846375,0.5610483884811401
2.1869473457336426,0.8706789612770081,0.35887548327445984
0.24021649360656738,0.8407976627349854,0.16386188566684723
0.7298156023025513,0.8247921466827393,0.7106755375862122
1.068138837814331,0.8631342053413391,0.3724086880683899
1.995693325996399,0.8136545419692993,0.495300829410553
-0.15835317969322205,0.8737524151802063,0.2604629695415497
1.0889686346054077,0.8347671031951904,0.3640127182006836
0.9203391671180725,0.279276043176651,0.6329813599586487
0.5982295274734497,0.9319111108779907,0.2664080262184143
0.3849269151687622,0.8369784355163574,0.5158230066299438
0.35443252325057983,0.8091407418251038,0.4692622423171997
1.3496888875961304,0.8829975128173828,0.3637664318084717
0.3444485068321228,0.8583942651748657,0.21724441647529602
0.419095516204834,0.8129220008850098,0.20778363943099976
1.790865182876587,0.8865906596183777,0.14570389688014984
0.9410899877548218,0.8785892724990845,0.2127208411693573
1.1955739259719849,0.8582032322883606,0.33471113443374634
1.428354263305664,0.11772369593381882,0.9203006029129028
1.4802173376083374,0.4850686490535736,0.4953347146511078
1.0696377754211426,0.8291077017784119,0.41261914372444153
0.3280099034309387,0.7607316970825195,0.2546749711036682
0.5242772102355957,0.937604546546936,0.3244425654411316
0.6374287009239197,0.9119227528572083,0.20608335733413696
1.5072535276412964,0.9311281442642212,0.40147069096565247
0.17177483439445496,0.34693169593811035,0.49659377336502075
0.8832325339317322,0.9550129175186157,0.3340418040752411
0.21949604153633118,0.9346928000450134,0.19502098858356476
-0.34204167127609253,0.9474866390228271,0.20196305215358734
1.2298071384429932,0.8390144109725952,0.4313057065010071
0.6374287009239197,0.9119227528572083,0.20608335733413696
0.14473891258239746,0.9064698815345764,0.26441872119903564
0.32598891854286194,0.9413779973983765,0.5567129254341125
0.8511462211608887,0.8562185168266296,0.24293068051338196
-0.049693457782268524,0.7454553842544556,0.24737785756587982
0.2521342635154724,0.9636756777763367,0.12048406898975372
1.0749636888504028,0.3147340714931488,0.6973280310630798
0.05861544609069824,0.9362163543701172,0.39204779267311096
0.9941574335098267,0.9023618102073669,0.20884348452091217
2.5846478939056396,0.9581596255302429,0.37678250670433044
0.6322641372680664,0.5968409776687622,0.3302619159221649
1.7791404724121094,0.9069740176200867,0.3018968999385834
0.5741491317749023,0.9535054564476013,0.3801072835922241
0.8789950609207153,0.8414658904075623,0.2898404598236084
0.12835796177387238,0.5795900821685791,0.48850974440574646
-0.1711665391921997,0.9269922971725464,0.5246340036392212
2.376858949661255,0.783589243888855,0.5509116053581238
1.431923270225525,0.9075627326965332,0.30314239859580994
2.159522533416748,0.6372542977333069,0.44061294198036194
3.278594493865967,0.9484759569168091,0.1066163033246994
2.4300308227539062,0.07381106168031693,0.8923643827438354
0.4399666488170624,0.7994948029518127,0.3611355423927307
-0.021115785464644432,0.9064216613769531,0.10540302097797394
1.0546725988388062,0.8716588616371155,0.24102725088596344
0.8511462211608887,0.8562185168266296,0.24293068051338196
0.5279624462127686,0.88938969373703,0.1430763304233551
0.6277334094047546,0.9060142040252686,0.30480504035949707
0.87879878282547,0.7591167092323303,0.27892032265663147
0.9287027716636658,0.771639883518219,0.2639109790325165
0.6232700347900391,0.8398593664169312,0.308072030544281
-0.0034232642501592636,0.4748031795024872,0.4142739474773407
