0.6175475716590881,0.3419751524925232
0.5045201182365417,0.5791929364204407
0.37385955452919006,0.7384480834007263
0.5790758728981018,0.5453367829322815
0.5136650800704956,0.48952704668045044
0.14351509511470795,0.7476304173469543
0.3176578879356384,0.3048316538333893
0.5543459057807922,0.9146561622619629
0.6288861036300659,0.6850988864898682
0.20719805359840393,0.8191103339195251
0.28998997807502747,0.8354340195655823
0.32025402784347534,0.43379342555999756
0.6076549291610718,0.38769909739494324
0.6798813343048096,0.5514576435089111
0.5265620350837708,0.3591163158416748
0.448092520236969,0.44835832715034485
0.5528087019920349,0.4641059637069702
0.44701436161994934,0.5467111468315125
0.31749042868614197,0.434876412153244
0.32025402784347534,0.43379342555999756
0.25385740399360657,0.31690171360969543
0.7620028853416443,0.5230025053024292
0.40762999653816223,0.8668293952941895
0.6857131123542786,0.3378387689590454
0.5160802006721497,0.41634759306907654
0.38885214924812317,0.470773845911026
0.2645788788795471,0.6103079915046692
0.6438654065132141,0.4284798204898834
0.6109158992767334,0.2735793888568878
0.4006427228450775,0.3192739486694336
0.22536063194274902,0.432633638381958
0.40319618582725525,0.5515709519386292
0.203721821308136,0.5146099925041199
0.5364280939102173,0.3682466447353363
0.6858425736427307,0.27653318643569946
0.4416644871234894,0.40536177158355713
0.38885214924812317,0.470773845911026
0.35726505517959595,0.5850375890731812
0.6125202178955078,0.2546813189983368
0.4663875699043274,0.33442768454551697
0.5544243454933167,0.500493049621582
0.23548609018325806,0.4483002722263336
0.5029810070991516,0.6213682293891907
0.32025402784347534,0.43379342555999756
0.1609160602092743,0.29311099648475647
0.32297754287719727,0.5983664989471436
0.5077707171440125,0.3868001103401184
0.38885214924812317,0.470773845911026
0.32025402784347534,0.43379342555999756
0.6427710056304932,0.2836523652076721
0.32025402784347534,0.43379342555999756
0.7680934071540833,0.24120652675628662
0.6486537456512451,0.5726568698883057
0.6183220148086548,0.8018421530723572
0.5522778630256653,0.34721970558166504
0.6539561152458191,0.2726706862449646
0.6618623733520508,0.6605896353721619
0.6183220148086548,0.8018421530723572
0.5441348552703857,0.4114701747894287
0.6158444285392761,0.5160919427871704
0.7510974407196045,0.5163207054138184
0.665968120098114,0.34517547488212585
0.2988729774951935,0.5073503851890564
0.1609160602092743,0.29311099648475647
0.6960799694061279,0.3865111470222473
0.38885214924812317,0.470773845911026
0.5993616580963135,0.29410791397094727
0.2962135672569275,0.6618402600288391
0.6802302598953247,0.3761049807071686
0.23829425871372223,0.7355245351791382
0.12083017081022263,0.8709855079650879
0.32025402784347534,0.43379342555999756
0.15727245807647705,0.775458812713623
0.6087944507598877,0.39453786611557007
0.5145522952079773,0.2792375087738037
0.6584884524345398,0.364834725856781
0.5870686173439026,0.46924933791160583
0.6083410978317261,0.39769476652145386
0.3140987157821655,0.7412455081939697
0.4952407777309418,0.5539677143096924
0.5083215832710266,0.6197593212127686
0.4091111123561859,0.34571099281311035
0.5016306042671204,0.617250382900238
0.24032741785049438,0.35836365818977356
0.3147476613521576,0.7812677621841431
0.64293372631073,0.2510291337966919
0.46623361110687256,0.4043499529361725
0.4190340042114258,0.4509289860725403
0.32025402784347534,0.43379342555999756
0.1609160602092743,0.29311099648475647
0.6083410978317261,0.39769476652145386
0.48363029956817627,0.6972520351409912
0.282930850982666,0.5050193667411804
0.2855929434299469,0.5370728969573975
0.5018735527992249,0.3113144636154175
0.6638433933258057,0.20618386566638947
0.5543872117996216,0.3365378975868225
0.40560585260391235,0.45980095863342285
0.5510070323944092,0.43397027254104614
0.44977104663848877,0.6146565079689026
0.8506163954734802,0.44221168756484985
0.19986671209335327,0.7943715453147888
0.25572630763053894,0.4587886333465576
0.2117263674736023,0.609505832195282
0.5535733699798584,0.5583661198616028
0.282930850982666,0.5050193667411804
0.6812797784805298,0.5945289134979248
0.26519879698753357,0.5312154293060303
0.35726505517959595,0.5850375890731812
0.40560585260391235,0.45980095863342285
0.2759610414505005,0.17699573934078217
0.5187656879425049,0.40422457456588745
0.7505098581314087,0.5248681902885437
0.663840115070343,0.33784785866737366
0.3140987157821655,0.7412455081939697
0.3059234619140625,0.19651223719120026
0.3845955431461334,0.6367241740226746
0.26069703698158264,0.6833435297012329
0.670137882232666,0.5449966192245483
0.6083410978317261,0.39769476652145386
0.19530177116394043,0.6737225651741028
0.3147476613521576,0.7812677621841431
0.40257972478866577,0.5903106927871704
0.65416020154953,0.33957797288894653
0.45912718772888184,0.5810520052909851
0.773099958896637,0.3211505711078644
0.46498948335647583,0.36111703515052795
0.7680934071540833,0.24120652675628662
0.6475292444229126,0.18661580979824066
0.4556106626987457,0.3146425187587738
0.22079536318778992,0.7125488519668579
0.1507057249546051,0.673328697681427
0.4831228256225586,0.58388751745224
0.6087944507598877,0.39453786611557007
0.4123399555683136,0.3995199501514435
0.37029358744621277,0.6985841989517212
0.31522300839424133,0.714150071144104
0.2582046687602997,0.472631573677063
0.7802428007125854,0.36657431721687317
0.21482908725738525,0.5102434754371643
0.2665572464466095,0.7433158755302429
0.681659460067749,0.36902448534965515
0.49310970306396484,0.296623170375824
0.3031543493270874,0.8099852204322815
0.19062943756580353,0.7954514026641846
0.38885214924812317,0.470773845911026
0.32025402784347534,0.43379342555999756
0.3177592158317566,0.6268633604049683
0.4091111123561859,0.34571099281311035
0.739158034324646,0.5698643922805786
0.5865607857704163,0.3707501292228699
0.65416020154953,0.33957797288894653
0.32025402784347534,0.43379342555999756
0.4592043161392212,0.8639135956764221
0.6857131123542786,0.3378387689590454
0.7488877773284912,0.20473715662956238
0.6429547071456909,0.24303963780403137
0.6083410978317261,0.39769476652145386
0.44191744923591614,0.4359634518623352
0.31845349073410034,0.5792986154556274
0.7412280440330505,0.4165698289871216
0.39769408106803894,0.2164991945028305
0.19638730585575104,0.7405005693435669
0.4341621994972229,0.4231111705303192
0.6079764366149902,0.43380412459373474
0.6083410978317261,0.39769476652145386
0.18214434385299683,0.7185842990875244
0.25572630763053894,0.4587886333465576
0.2018049955368042,0.5990118980407715
0.24090857803821564,0.446931391954422
0.21484103798866272,0.6786907315254211
0.6079275012016296,0.3405574858188629
0.6183220148086548,0.8018421530723572
0.5838344693183899,0.44789594411849976
0.5505765080451965,0.31662267446517944
0.6707268953323364,0.3695600926876068
0.5826298594474792,0.543286144733429
0.3963600993156433,0.584367573261261
0.38885214924812317,0.470773845911026
0.2582046687602997,0.472631573677063
0.274504154920578,0.5048842430114746
0.4743407666683197,0.35666319727897644
0.3036592900753021,0.45490214228630066
0.31845349073410034,0.5792986154556274
0.32636314630508423,0.631394624710083
0.22788354754447937,0.49262475967407227
0.32025402784347534,0.43379342555999756
0.5844722390174866,0.3138655722141266
0.2598705291748047,0.7304992079734802
0.5559263825416565,0.4620215594768524
0.32025402784347534,0.43379342555999756
0.5093512535095215,0.32328611612319946
0.44470468163490295,0.36448463797569275
0.5583475232124329,0.4394643306732178
0.5625585913658142,0.36298054456710815
0.7680934071540833,0.24120652675628662
0.36318346858024597,0.5533822178840637
0.7472530603408813,0.3624977767467499
0.1760604828596115,0.6870138645172119
0.4057035446166992,0.5603587627410889
0.5575645565986633,0.7536361813545227
0.18591190874576569,0.8219583034515381
0.2582046687602997,0.472631573677063
0.4765443503856659,0.5796719789505005
0.3393871486186981,0.5127742886543274
0.32025402784347534,0.43379342555999756
0.7527042627334595,0.6631314754486084
0.2530978322029114,0.47390198707580566
0.6858425736427307,0.27653318643569946
0.22788354754447937,0.49262475967407227
0.18428173661231995,0.7057002186775208
0.41646239161491394,0.4197801351547241
0.4599089026451111,0.24731802940368652
0.34609371423721313,0.32710328698158264
0.8303600549697876,0.32367897033691406
0.18716418743133545,0.6309598088264465
0.7067790627479553,0.5272549390792847
0.5145522952079773,0.2792375087738037
0.3379601538181305,0.5217618346214294
0.1956804394721985,0.711905300617218
0.6892686486244202,0.3363023102283478
0.2841373682022095,0.4704946279525757
0.2184004783630371,0.685059666633606
0.31248992681503296,0.49623197317123413
0.701765239238739,0.4958246052265167
0.1702239066362381,0.7028614282608032
0.41514846682548523,0.5020912885665894
0.42022258043289185,0.3019597828388214
0.6618623733520508,0.6605896353721619
0.46936899423599243,0.33330845832824707
0.33227282762527466,0.3440365195274353
0.7306867241859436,0.3950771987438202
0.13710731267929077,0.7212305665016174
0.5305545330047607,0.5162654519081116
0.310020387172699,0.34372928738594055
0.6858425736427307,0.27653318643569946
0.32025402784347534,0.43379342555999756
0.521324872970581,0.6235962510108948
0.2582046687602997,0.472631573677063
0.6757503151893616,0.2762719690799713
0.21219538152217865,0.5945002436637878
0.5778252482414246,0.41087132692337036
0.23924118280410767,0.4846436679363251
0.651762068271637,0.39604562520980835
0.3589094877243042,0.4061242640018463
0.6858425736427307,0.27653318643569946
0.5504185557365417,0.3801632821559906
0.1883678287267685,0.6988672614097595
0.380304753780365,0.6157650351524353
0.4078938364982605,0.41614341735839844
0.21484103798866272,0.6786907315254211
0.3343473970890045,0.5900738835334778
0.5288646221160889,0.5865546464920044
0.5527834892272949,0.34323641657829285
0.35832664370536804,0.3915880620479584
0.21482908725738525,0.5102434754371643
0.6125202178955078,0.2546813189983368
0.6497601866722107,0.5096931457519531
0.2714928686618805,0.6304370760917664
0.3053819537162781,0.601043164730072
0.6299206018447876,0.46753600239753723
0.4006427228450775,0.3192739486694336
0.27453485131263733,0.4773428738117218
0.5091883540153503,0.34597381949424744
0.31325384974479675,0.5312413573265076
0.4220552146434784,0.8283525109291077
0.31522300839424133,0.714150071144104
0.4653289020061493,0.47301870584487915
0.282930850982666,0.5050193667411804
0.13379940390586853,0.6586939096450806
0.6471951603889465,0.2789974808692932
0.5078732967376709,0.45468011498451233
0.5527834892272949,0.34323641657829285
0.1433587521314621,0.7678477168083191
0.6377171874046326,0.44862279295921326
0.19083869457244873,0.7293499708175659
0.34952691197395325,0.7203564047813416
0.6577118635177612,0.3461558222770691
0.6183220148086548,0.8018421530723572
0.65416020154953,0.33957797288894653
0.5145522952079773,0.2792375087738037
0.1459675431251526,0.48285993933677673
0.6577118635177612,0.3461558222770691
0.44128701090812683,0.616077184677124
0.1567084938287735,0.7159801125526428
0.1817084401845932,0.3501940667629242
0.4998988211154938,0.6866428852081299
0.32025402784347534,0.43379342555999756
0.3969402015209198,0.5682637095451355
0.8186892867088318,0.28327661752700806
0.4356655478477478,0.4252948760986328
0.3658701181411743,0.5719802975654602
0.45490747690200806,0.36863479018211365
0.3295106589794159,0.8204523921012878
0.14053133130073547,0.4343595504760742
0.665968120098114,0.34517547488212585
0.415996253490448,0.4465211033821106
0.20242778956890106,0.625853419303894
0.5583475232124329,0.4394643306732178
0.45912718772888184,0.5810520052909851
0.20402246713638306,0.5951575636863708
0.31845349073410034,0.5792986154556274
0.27746424078941345,0.44799402356147766
0.22788354754447937,0.49262475967407227
0.6471951603889465,0.2789974808692932
0.3015347123146057,0.624056339263916
0.32042473554611206,0.5910670757293701
0.3379601538181305,0.5217618346214294
0.2582046687602997,0.472631573677063
0.22298301756381989,0.7176684141159058
0.42750808596611023,0.574485719203949
0.17386332154273987,0.6390300989151001
0.21112409234046936,0.6872794032096863
0.27453485131263733,0.4773428738117218
0.32025402784347534,0.43379342555999756
0.5491250157356262,0.47743239998817444
0.5251123309135437,0.40476590394973755
0.5812204480171204,0.31411033868789673
0.2113991677761078,0.8287463784217834
0.5574320554733276,0.47559189796447754
0.5054395198822021,0.4492972493171692
0.17386332154273987,0.6390300989151001
0.4516960382461548,0.6588588953018188
0.553666889667511,0.34748172760009766
0.4272294342517853,0.5201429724693298
0.21484103798866272,0.6786907315254211
0.16946472227573395,0.7656350135803223
0.15394452214241028,0.631008505821228
0.2665572464466095,0.7433158755302429
0.2848682999610901,0.7030702233314514
0.5173900723457336,0.38333436846733093
0.2975829541683197,0.4410664439201355
0.21484103798866272,0.6786907315254211
0.6656156182289124,0.34348106384277344
0.39776960015296936,0.2958652377128601
0.5787678360939026,0.6022985577583313
0.32025402784347534,0.43379342555999756
0.20204776525497437,0.7405937314033508
0.540533721446991,0.3668435215950012
0.32025402784347534,0.43379342555999756
0.5832667946815491,0.35237401723861694
0.8620188236236572,0.4109729528427124
0.1468433141708374,0.5058642029762268
0.46610474586486816,0.6819666624069214
0.34952691197395325,0.7203564047813416
0.5838344693183899,0.44789594411849976
0.4006427228450775,0.3192739486694336
0.5145522952079773,0.2792375087738037
0.46623361110687256,0.4043499529361725
0.5489963293075562,0.6803878545761108
0.7667234539985657,0.4897773563861847
0.5456240177154541,0.4660406708717346
0.40519797801971436,0.47783806920051575
0.1742943972349167,0.9016764760017395
0.44748654961586,0.48510754108428955
0.6216378808021545,0.3930216431617737
0.5520007610321045,0.7079102993011475
0.4968720078468323,0.34085813164711
0.2977368235588074,0.18850700557231903
0.6798813343048096,0.5514576435089111
0.6405168175697327,0.5235801935195923
0.5415551066398621,0.2835879623889923
0.2915197014808655,0.642127513885498
0.4286486804485321,0.5379253625869751
0.6583477854728699,0.4870607554912567
0.279080867767334,0.5543801784515381
0.526174008846283,0.548686683177948
0.2731972932815552,0.6752219200134277
0.44160550832748413,0.48004665970802307
0.2522728741168976,0.6272240281105042
0.358523428440094,0.8164201974868774
0.32025402784347534,0.43379342555999756
0.0823821872472763,0.7763238549232483
0.5375347137451172,0.5411491990089417
0.1899329274892807,0.6207379698753357
0.6352382302284241,0.20641912519931793
0.4556106626987457,0.3146425187587738
0.21484103798866272,0.6786907315254211
0.5699836015701294,0.37716439366340637
0.22413088381290436,0.23179687559604645
0.7657066583633423,0.38097408413887024
0.30393317341804504,0.4694373309612274
0.6125202178955078,0.2546813189983368
0.5456240177154541,0.4660406708717346
0.30593666434288025,0.37134936451911926
0.4286486804485321,0.5379253625869751
0.5294486880302429,0.34500551223754883
0.6679549813270569,0.28554391860961914
0.6109158992767334,0.2735793888568878
0.6190264821052551,0.2507961690425873
0.25572630763053894,0.4587886333465576
0.6472328901290894,0.3307186961174011
0.5222405195236206,0.4960353374481201
0.5280848145484924,0.4367414712905884
0.2530978322029114,0.47390198707580566
0.4831814169883728,0.3578699827194214
0.44191744923591614,0.4359634518623352
0.5456240177154541,0.4660406708717346
0.7288848757743835,0.10665056109428406
0.6577118635177612,0.3461558222770691
0.2522728741168976,0.6272240281105042
0.8253903985023499,0.37488675117492676
0.3332185745239258,0.8506119847297668
0.8449876308441162,0.4058173894882202
0.34659260511398315,0.3040105402469635
0.32471850514411926,0.5389325022697449
0.1459675431251526,0.48285993933677673
0.5583475232124329,0.4394643306732178
0.6281861662864685,0.6285948157310486
0.5527834892272949,0.34323641657829285
0.4618578255176544,0.43792325258255005
0.5078732967376709,0.45468011498451233
0.12083017081022263,0.8709855079650879
0.7755834460258484,0.30407458543777466
0.5640851855278015,0.3762720227241516
0.6083410978317261,0.39769476652145386
0.403708815574646,0.22798414528369904
0.2582046687602997,0.472631573677063
0.41030651330947876,0.4446685016155243
0.4006427228450775,0.3192739486694336
0.31845349073410034,0.5792986154556274
0.13710731267929077,0.7212305665016174
0.22595839202404022,0.4367826581001282
0.5838344693183899,0.44789594411849976
0.6802302598953247,0.3761049807071686
0.6494755744934082,0.4898836612701416
0.6478248834609985,0.4995647072792053
0.6639609932899475,0.43758368492126465
0.6734747886657715,0.5904971361160278
0.37877246737480164,0.4261306822299957
0.8367946743965149,0.3980056345462799
0.24392548203468323,0.6725900769233704
0.14351509511470795,0.7476304173469543
0.6621636152267456,0.24334177374839783
0.3451941907405853,0.4489080309867859
0.6734747886657715,0.5904971361160278
0.6553336977958679,0.6424986720085144
0.32700395584106445,0.4647005498409271
0.1883678287267685,0.6988672614097595
0.21484103798866272,0.6786907315254211
0.3406643867492676,0.6755078434944153
0.8319430947303772,0.25094500184059143
0.2691687345504761,0.6307362914085388
0.2907916307449341,0.27753084897994995
0.7170640826225281,0.3006221055984497
0.32308071851730347,0.5709930062294006
0.4224448502063751,0.5614072680473328
0.5305545330047607,0.5162654519081116
0.3235633671283722,0.6318602561950684
0.3147476613521576,0.7812677621841431
0.3343832194805145,0.49348360300064087
0.25453415513038635,0.5405839085578918
0.1507057249546051,0.673328697681427
0.6759642362594604,0.5027764439582825
0.27771931886672974,0.4635336101055145
0.6471951603889465,0.2789974808692932
0.38885214924812317,0.470773845911026
0.5844725370407104,0.4729137420654297
0.5426490902900696,0.5030258893966675
0.4118811786174774,0.373898446559906
0.536517322063446,0.3143194615840912
0.3343832194805145,0.49348360300064087
0.32025402784347534,0.43379342555999756
0.3799887001514435,0.7967615127563477
0.16896192729473114,0.756782054901123
0.6083410978317261,0.39769476652145386
0.5622303485870361,0.46303117275238037
0.6757383942604065,0.386874258518219
0.2487071454524994,0.47764644026756287
0.701765239238739,0.4958246052265167
0.36318346858024597,0.5533822178840637
0.7863597869873047,0.22876806557178497
0.2637560963630676,0.6984139084815979
0.25572630763053894,0.4587886333465576
0.29870015382766724,0.625840961933136
0.45912718772888184,0.5810520052909851
0.21484103798866272,0.6786907315254211
0.32025402784347534,0.43379342555999756
0.2707151174545288,0.7270861268043518
0.2915197014808655,0.642127513885498
0.7396261692047119,0.41107791662216187
0.13030484318733215,0.8962913155555725
0.17386332154273987,0.6390300989151001
0.4664532542228699,0.2779359817504883
0.6087944507598877,0.39453786611557007
0.5456240177154541,0.4660406708717346
0.32025402784347534,0.43379342555999756
0.7590251564979553,0.4026103615760803
0.6032962799072266,0.5752642750740051
0.21484103798866272,0.6786907315254211
0.48476749658584595,0.5601906776428223
0.6087944507598877,0.39453786611557007
0.32025402784347534,0.43379342555999756
0.32025402784347534,0.43379342555999756
0.2707151174545288,0.7270861268043518
0.47734904289245605,0.40962785482406616
0.29764607548713684,0.8238216042518616
0.1899329274892807,0.6207379698753357
0.166165292263031,0.634141743183136
0.25499096512794495,0.3751356899738312
0.4006427228450775,0.3192739486694336
0.3894939124584198,0.3892124593257904
0.6494755744934082,0.4898836612701416
0.3672456443309784,0.28520405292510986
0.6781387329101562,0.21300901472568512
0.40257972478866577,0.5903106927871704
0.6886541843414307,0.6619593501091003
0.4868845045566559,0.3631184697151184
0.517003059387207,0.3541927635669708
0.4592043161392212,0.8639135956764221
0.4556106626987457,0.3146425187587738
0.268461674451828,0.7303993105888367
0.49310970306396484,0.296623170375824
0.3969402015209198,0.5682637095451355
0.8334590792655945,0.4531090259552002
0.282930850982666,0.5050193667411804
0.3011590540409088,0.568917453289032
0.22595839202404022,0.4367826581001282
0.32025402784347534,0.43379342555999756
0.32025402784347534,0.43379342555999756
0.5572823286056519,0.3738938271999359
0.13710731267929077,0.7212305665016174
0.26476749777793884,0.5878762006759644
0.6684258580207825,0.1857130378484726
0.7075890302658081,0.5085933208465576
0.32025402784347534,0.43379342555999756
0.12340909987688065,0.854641318321228
0.6960799694061279,0.3865111470222473
0.6928748488426208,0.5972561836242676
0.5812204480171204,0.31411033868789673
0.6125860810279846,0.29326432943344116
0.7217071056365967,0.3509601354598999
0.24329441785812378,0.6957640051841736
0.4811651110649109,0.23711718618869781
0.4767741560935974,0.22671423852443695
0.3033195436000824,0.603580892086029
0.7875379920005798,0.4224194586277008
0.660459041595459,0.5590339303016663
0.3015347123146057,0.624056339263916
0.5294486880302429,0.34500551223754883
0.665968120098114,0.34517547488212585
0.1956804394721985,0.711905300617218
0.39188075065612793,0.7332980632781982
0.1687743365764618,0.3718320429325104
0.6175475716590881,0.3419751524925232
0.5034927129745483,0.5766569972038269
0.2630625069141388,0.7114725112915039
0.2582046687602997,0.472631573677063
0.5851306915283203,0.2329517900943756
0.5358979105949402,0.7306203246116638
0.3493562638759613,0.5812734365463257
0.25752952694892883,0.8220687508583069
0.2582046687602997,0.472631573677063
0.12641480565071106,0.3657037913799286
0.5280100107192993,0.3413226306438446
0.7055884003639221,0.5259109139442444
0.39532843232154846,0.5293012857437134
0.31325384974479675,0.5312413573265076
0.22788354754447937,0.49262475967407227
0.348416805267334,0.47117990255355835
0.6363377571105957,0.5406885743141174
0.46610474586486816,0.6819666624069214
0.12083017081022263,0.8709855079650879
0.7139433026313782,0.46881645917892456
0.6985390782356262,0.3552502989768982
0.5527834892272949,0.34323641657829285
0.21219538152217865,0.5945002436637878
0.20204776525497437,0.7405937314033508
0.44349372386932373,0.5179095268249512
0.5145522952079773,0.2792375087738037
0.5776744484901428,0.49334588646888733
0.6125202178955078,0.2546813189983368
0.44899988174438477,0.36363229155540466
0.4079926013946533,0.6739911437034607
0.5528037548065186,0.4517105221748352
0.5864571332931519,0.3523932099342346
0.7407968044281006,0.3395155370235443
0.38547199964523315,0.40199941396713257
0.2158563733100891,0.5820578932762146
0.3848392963409424,0.6898161172866821
0.28923699259757996,0.24602577090263367
0.4118811786174774,0.373898446559906
0.40704619884490967,0.5134140849113464
0.4356655478477478,0.4252948760986328
0.38345420360565186,0.47592443227767944
0.6655394434928894,0.38115328550338745
0.48629045486450195,0.5938374400138855
0.20473065972328186,0.5285859704017639
0.33646106719970703,0.6688878536224365
0.20204776525497437,0.7405937314033508
0.19616276025772095,0.526070773601532
0.16550274193286896,0.7712981104850769
0.32042473554611206,0.5910670757293701
0.5322126746177673,0.4141157567501068
0.33893293142318726,0.44892579317092896
0.38885214924812317,0.470773845911026
0.6382187604904175,0.43247130513191223
0.3011590540409088,0.568917453289032
0.3379601538181305,0.5217618346214294
0.16896192729473114,0.756782054901123
0.2646215260028839,0.8049840927124023
0.2576739192008972,0.4675213694572449
0.34120020270347595,0.4202945828437805
0.44505152106285095,0.38183873891830444
0.2582046687602997,0.472631573677063
0.24127362668514252,0.536466121673584
0.20719805359840393,0.8191103339195251
0.345755934715271,0.5833019614219666
0.47533702850341797,0.37875738739967346
0.21484103798866272,0.6786907315254211
0.3147476613521576,0.7812677621841431
0.282930850982666,0.5050193667411804
0.8298348784446716,0.3545188009738922
0.7315863966941833,0.392477422952652
0.4416644871234894,0.40536177158355713
0.1507057249546051,0.673328697681427
0.6179568767547607,0.47513261437416077
0.3997199535369873,0.45834100246429443
0.4341621994972229,0.4231111705303192
0.24392548203468323,0.6725900769233704
0.49401241540908813,0.43129804730415344
0.32025402784347534,0.43379342555999756
0.6965531706809998,0.33455318212509155
0.7793164849281311,0.6409322619438171
0.32025402784347534,0.43379342555999756
0.39094144105911255,0.6051403284072876
0.13291898369789124,0.769543468952179
0.22788354754447937,0.49262475967407227
0.461459219455719,0.4745827913284302
0.14041675627231598,0.704002857208252
0.2187352329492569,0.5350729823112488
0.1507057249546051,0.673328697681427
0.5577213168144226,0.6229891180992126
0.6098601222038269,0.38429853320121765
0.5280100107192993,0.3413226306438446
0.36642685532569885,0.38844069838523865
0.6109158992767334,0.2735793888568878
0.4767741560935974,0.22671423852443695
0.8622387051582336,0.4718357026576996
0.5927847027778625,0.4602195918560028
0.32025402784347534,0.43379342555999756
0.15473414957523346,0.688735842704773
0.3317840099334717,0.7572891116142273
0.6175475716590881,0.3419751524925232
0.3313010036945343,0.5930843353271484
0.8799372315406799,0.1391516774892807
0.6183220148086548,0.8018421530723572
0.46466895937919617,0.38495758175849915
0.5346225500106812,0.7641171813011169
0.6045486330986023,0.3186326026916504
0.5145522952079773,0.2792375087738037
0.34952691197395325,0.7203564047813416
0.34952691197395325,0.7203564047813416
0.665968120098114,0.34517547488212585
0.41832685470581055,0.27530843019485474
0.43702298402786255,0.5203072428703308
0.5974854230880737,0.39948779344558716
0.38885214924812317,0.470773845911026
0.33228379487991333,0.493722528219223
0.5551373958587646,0.37670043110847473
0.685438871383667,0.5645889043807983
0.23848551511764526,0.7835251688957214
0.14053133130073547,0.4343595504760742
0.40257972478866577,0.5903106927871704
0.6692036986351013,0.6031906008720398
0.6029142737388611,0.5507693886756897
0.5342233180999756,0.32723739743232727
0.43513303995132446,0.5048066973686218
0.5866933465003967,0.5245922803878784
0.30372822284698486,0.6572037935256958
0.5305545330047607,0.5162654519081116
0.40067076683044434,0.28382357954978943
0.316517174243927,0.7465848326683044
0.1433587521314621,0.7678477168083191
0.4933117926120758,0.40177637338638306
0.30372822284698486,0.6572037935256958
0.7281833291053772,0.39758792519569397
0.6539561152458191,0.2726706862449646
0.5866933465003967,0.5245922803878784
0.6183220148086548,0.8018421530723572
0.5958101749420166,0.37315747141838074
0.5704270601272583,0.3577960133552551
0.5140340924263,0.3843892514705658
0.8186892867088318,0.28327661752700806
0.6183220148086548,0.8018421530723572
0.12083017081022263,0.8709855079650879
0.25572630763053894,0.4587886333465576
0.4967535138130188,0.3349693715572357
0.2719186544418335,0.4427157938480377
0.6805088520050049,0.31722307205200195
0.5078732967376709,0.45468011498451233
0.37581053376197815,0.41310301423072815
0.5751451253890991,0.22509635984897614
0.5145522952079773,0.2792375087738037
0.4389515519142151,0.3939032256603241
0.38885214924812317,0.470773845911026
0.3956439793109894,0.44241198897361755
0.1812446117401123,0.595879852771759
0.2708139717578888,0.7654491662979126
0.36547207832336426,0.3268141448497772
0.5972490906715393,0.18731360137462616
0.1885562539100647,0.6600403189659119
0.5456240177154541,0.4660406708717346
0.22595839202404022,0.4367826581001282
0.6812797784805298,0.5945289134979248
0.6183220148086548,0.8018421530723572
0.1956804394721985,0.711905300617218
0.19674280285835266,0.5545333623886108
0.17237789928913116,0.6431352496147156
0.2915197014808655,0.642127513885498
0.27453485131263733,0.4773428738117218
0.5023462176322937,0.22359253466129303
0.5442784428596497,0.3902624547481537
0.6684610247612,0.37912124395370483
0.4929248094558716,0.4487936794757843
0.44470468163490295,0.36448463797569275
0.38885214924812317,0.470773845911026
0.526174008846283,0.548686683177948
0.4892770051956177,0.6844603419303894
0.22788354754447937,0.49262475967407227
0.6083410978317261,0.39769476652145386
0.7733815312385559,0.3629606068134308
0.5505765080451965,0.31662267446517944
0.5140037536621094,0.5396369695663452
0.1598753184080124,0.6205625534057617
0.6471951603889465,0.2789974808692932
0.4243653416633606,0.393192321062088
0.21484103798866272,0.6786907315254211
0.6778112649917603,0.3808121383190155
0.6125202178955078,0.2546813189983368
0.21662092208862305,0.4433942437171936
0.5738800168037415,0.5803318023681641
0.38885214924812317,0.470773845911026
0.2582046687602997,0.472631573677063
0.5062690377235413,0.6089295744895935
0.7009181380271912,0.3715544044971466
0.6324647068977356,0.34693461656570435
0.6216378808021545,0.3930216431617737
0.45912718772888184,0.5810520052909851
0.1734197586774826,0.5744481682777405
0.21317994594573975,0.6339360475540161
0.16232608258724213,0.4512644112110138
0.19083869457244873,0.7293499708175659
0.46498948335647583,0.36111703515052795
0.5078732967376709,0.45468011498451233
0.6052811145782471,0.3633170425891876
0.20796041190624237,0.6484272480010986
0.2938377261161804,0.6575077176094055
0.6674598455429077,0.622306227684021
0.20719805359840393,0.8191103339195251
0.1702239066362381,0.7028614282608032
0.33228379487991333,0.493722528219223
0.45743152499198914,0.5800299644470215
0.3379601538181305,0.5217618346214294
0.6171680688858032,0.42704400420188904
0.16476261615753174,0.58294677734375
0.6471951603889465,0.2789974808692932
0.4077569544315338,0.34345149993896484
0.17386332154273987,0.6390300989151001
0.7829943299293518,0.22698768973350525
0.37164291739463806,0.34985923767089844
0.3195594549179077,0.4627396762371063
0.21219538152217865,0.5945002436637878
0.5524575114250183,0.38838523626327515
0.29681631922721863,0.5315227508544922
0.5077707171440125,0.3868001103401184
0.32025402784347534,0.43379342555999756
0.30478501319885254,0.7165964245796204
0.21482908725738525,0.5102434754371643
0.6858425736427307,0.27653318643569946
0.8579193949699402,0.4380343556404114
0.1609160602092743,0.29311099648475647
0.21225154399871826,0.80472731590271
0.4868845045566559,0.3631184697151184
0.24870406091213226,0.33770039677619934
0.19090481102466583,0.5754503011703491
0.5288646221160889,0.5865546464920044
0.33699488639831543,0.6259572505950928
0.6633487939834595,0.45430123805999756
0.07554050534963608,0.7562705278396606
0.31325384974479675,0.5312413573265076
0.3162635862827301,0.7359419465065002
0.3343832194805145,0.49348360300064087
0.5286393761634827,0.4744325280189514
0.5695196390151978,0.6179628968238831
0.32025402784347534,0.43379342555999756
0.4506717920303345,0.432222843170166
0.4032451808452606,0.5999257564544678
0.5744295716285706,0.4325830936431885
0.56871098279953,0.405859112739563
0.6085530519485474,0.3390640318393707
0.31926193833351135,0.7560027241706848
0.5957318544387817,0.3509468138217926
0.5280100107192993,0.3413226306438446
0.5844725370407104,0.4729137420654297
0.20402246713638306,0.5951575636863708
0.3782747983932495,0.42851805686950684
0.2994172275066376,0.5918275713920593
0.6621636152267456,0.24334177374839783
0.7337771654129028,0.49243518710136414
0.32025402784347534,0.43379342555999756
0.36547207832336426,0.3268141448497772
0.5627332925796509,0.38304007053375244
0.5913220643997192,0.4298240542411804
0.7128022313117981,0.3762662708759308
0.6837283968925476,0.36649230122566223
0.1756182461977005,0.36359673738479614
0.6183220148086548,0.8018421530723572
0.44128701090812683,0.616077184677124
0.2915197014808655,0.642127513885498
0.32025402784347534,0.43379342555999756
0.46895843744277954,0.42530038952827454
0.5622303485870361,0.46303117275238037
0.526174008846283,0.548686683177948
0.4962056279182434,0.5578742027282715
0.7911750674247742,0.49607542157173157
0.1935529261827469,0.6965792179107666
0.44128701090812683,0.616077184677124
0.1459675431251526,0.48285993933677673
0.5258724689483643,0.4621468484401703
0.6083410978317261,0.39769476652145386
0.12083017081022263,0.8709855079650879
0.6494755744934082,0.4898836612701416
0.6874431371688843,0.29315853118896484
0.2808084189891815,0.5589962005615234
0.5838344693183899,0.44789594411849976
0.12494190782308578,0.753893256187439
0.5885652899742126,0.4910534620285034
0.14351509511470795,0.7476304173469543
0.30372822284698486,0.6572037935256958
0.31845349073410034,0.5792986154556274
0.6052449345588684,0.4727429449558258
0.36318346858024597,0.5533822178840637
0.38547199964523315,0.40199941396713257
0.5904951095581055,0.38485991954803467
0.3593023121356964,0.4742078185081482
0.6455819606781006,0.34980371594429016
0.5993616580963135,0.29410791397094727
0.7328891158103943,0.5444804430007935
0.44977104663848877,0.6146565079689026
0.32025402784347534,0.43379342555999756
0.2043031007051468,0.6926823258399963
0.6209113001823425,0.3926061987876892
0.46498948335647583,0.36111703515052795
0.2848682999610901,0.7030702233314514
0.6560425758361816,0.4201151430606842
0.2915197014808655,0.642127513885498
0.7636501789093018,0.4345167577266693
0.6183220148086548,0.8018421530723572
0.22788354754447937,0.49262475967407227
0.4556106626987457,0.3146425187587738
0.4091111123561859,0.34571099281311035
0.22788354754447937,0.49262475967407227
0.2738661468029022,0.7085656523704529
0.49310970306396484,0.296623170375824
0.4148852527141571,0.6032393574714661
0.22788354754447937,0.49262475967407227
0.515212893486023,0.6566728353500366
0.23292899131774902,0.5385400056838989
0.6989685297012329,0.35942021012306213
0.5838344693183899,0.44789594411849976
0.6345117092132568,0.169459268450737
0.5957318544387817,0.3509468138217926
0.32025402784347534,0.43379342555999756
0.4190340042114258,0.4509289860725403
0.32025402784347534,0.43379342555999756
0.6297413110733032,0.32728561758995056
0.6191629767417908,0.33422771096229553
0.6536049842834473,0.4432649612426758
0.6377512812614441,0.42257174849510193
0.6494755744934082,0.4898836612701416
0.46936899423599243,0.33330845832824707
0.7810590863227844,0.4388525187969208
0.6345216631889343,0.314205527305603
0.21319487690925598,0.7345467805862427
0.5861223936080933,0.3440887928009033
0.12083017081022263,0.8709855079650879
0.17386332154273987,0.6390300989151001
0.25572630763053894,0.4587886333465576
0.6778112649917603,0.3808121383190155
0.45912718772888184,0.5810520052909851
0.8291569948196411,0.5703569650650024
0.7239489555358887,0.4930504262447357
0.3451941907405853,0.4489080309867859
0.42571404576301575,0.32185494899749756
0.22788354754447937,0.49262475967407227
0.6577118635177612,0.3461558222770691
0.5145522952079773,0.2792375087738037
0.6125202178955078,0.2546813189983368
0.1433587521314621,0.7678477168083191
0.665968120098114,0.34517547488212585
0.5305545330047607,0.5162654519081116
0.6759071946144104,0.3187245726585388
0.6641309857368469,0.45638054609298706
0.24014295637607574,0.6673736572265625
0.5145522952079773,0.2792375087738037
0.32025402784347534,0.43379342555999756
0.48159149289131165,0.4195014238357544
0.657503604888916,0.4088476896286011
0.65416020154953,0.33957797288894653
0.32025402784347534,0.43379342555999756
0.6125860810279846,0.29326432943344116
0.32025402784347534,0.43379342555999756
0.5505765080451965,0.31662267446517944
0.3392285406589508,0.4481510818004608
0.368525892496109,0.6480739712715149
0.5404577851295471,0.20767837762832642
0.6087944507598877,0.39453786611557007
0.1507057249546051,0.673328697681427
0.20294666290283203,0.6315816640853882
0.33228379487991333,0.493722528219223
0.2836318016052246,0.5440210700035095
0.14480911195278168,0.7736612558364868
0.7093730568885803,0.7618209719657898
0.6125202178955078,0.2546813189983368
0.46623361110687256,0.4043499529361725
0.6496682167053223,0.4119703471660614
0.40734246373176575,0.3726719617843628
0.5285488963127136,0.6907321214675903
0.3623364567756653,0.576270341873169
0.14543038606643677,0.7622417211532593
0.16903795301914215,0.6229118704795837
0.5759046673774719,0.24593837559223175
0.665968120098114,0.34517547488212585
0.1507057249546051,0.673328697681427
0.25874313712120056,0.7183623909950256
0.40257972478866577,0.5903106927871704
0.2802928388118744,0.35177403688430786
0.6577118635177612,0.3461558222770691
0.32025402784347534,0.43379342555999756
0.46623361110687256,0.4043499529361725
0.1863793283700943,0.7397696375846863
0.31325384974479675,0.5312413573265076
0.701765239238739,0.4958246052265167
0.46498948335647583,0.36111703515052795
0.3011590540409088,0.568917453289032
0.3147476613521576,0.7812677621841431
0.5645414590835571,0.6042117476463318
0.6396259069442749,0.4259275496006012
0.5145522952079773,0.2792375087738037
0.358641117811203,0.5411653518676758
0.45912718772888184,0.5810520052909851
0.5029810070991516,0.6213682293891907
0.48775506019592285,0.5874256491661072
0.5769702196121216,0.43107765913009644
0.11352501809597015,0.5958656668663025
0.7281833291053772,0.39758792519569397
0.32025402784347534,0.43379342555999756
0.1784956157207489,0.45639559626579285
0.31325384974479675,0.5312413573265076
0.22788354754447937,0.49262475967407227
0.6494755744934082,0.4898836612701416
0.12083017081022263,0.8709855079650879
0.5909656286239624,0.3883762061595917
0.5504185557365417,0.3801632821559906
0.1862061321735382,0.4290858805179596
0.316517174243927,0.7465848326683044
0.5759897828102112,0.43465232849121094
0.32025402784347534,0.43379342555999756
0.1351575255393982,0.656018078327179
0.2648034691810608,0.5019523501396179
0.6183220148086548,0.8018421530723572
0.45920509099960327,0.4408041536808014
0.22788354754447937,0.49262475967407227
0.5995921492576599,0.2970692813396454
0.6583477854728699,0.4870607554912567
0.7788278460502625,0.6278744339942932
0.6417697072029114,0.4281700849533081
0.17586198449134827,0.5993366241455078
0.2582046687602997,0.472631573677063
0.45743152499198914,0.5800299644470215
0.2665572464466095,0.7433158755302429
0.18074023723602295,0.6886659264564514
0.4105300009250641,0.34395796060562134
0.17296943068504333,0.6397124528884888
0.7962133884429932,0.3694973289966583
0.6577118635177612,0.3461558222770691
0.5415500402450562,0.36786869168281555
0.8403035402297974,0.20478039979934692
0.22595839202404022,0.4367826581001282
0.7605796456336975,0.32173073291778564
0.49401241540908813,0.43129804730415344
0.7150447368621826,0.3169666528701782
0.41760995984077454,0.5796526670455933
0.6716317534446716,0.43719780445098877
0.21484103798866272,0.6786907315254211
0.09110221266746521,0.8260776400566101
0.19537198543548584,0.7468581795692444
0.3758823871612549,0.8681727647781372
0.39769408106803894,0.2164991945028305
0.3396531939506531,0.5847873091697693
0.32025402784347534,0.43379342555999756
0.6577118635177612,0.3461558222770691
0.5280848145484924,0.4367414712905884
0.45912718772888184,0.5810520052909851
0.36173292994499207,0.5275251865386963
0.37877246737480164,0.4261306822299957
0.49038273096084595,0.39524176716804504
0.4556106626987457,0.3146425187587738
0.41331246495246887,0.45347118377685547
