0.8519514799118042,0.3298967182636261
0.8853968977928162,0.11491082608699799
0.1304808259010315,0.6813125610351562
0.7128866314888,0.2945121228694916
0.3531286418437958,0.3919440805912018
0.5534080862998962,0.4087328612804413
0.7318821549415588,0.2805347740650177
0.5136482119560242,0.6146076917648315
0.9187353849411011,0.3427644670009613
0.9591339826583862,0.3025907278060913
0.7017179131507874,0.350125789642334
0.3638256788253784,0.2789308726787567
0.9584325551986694,0.32395192980766296
0.9502369165420532,0.3653258979320526
0.9515628814697266,0.6571575403213501
0.9469043016433716,0.20648716390132904
0.6872107982635498,0.25528934597969055
0.922987699508667,0.19811274111270905
0.8886339068412781,0.18582262098789215
0.5590649247169495,0.33247971534729004
0.9219102263450623,0.19455692172050476
0.7582242488861084,0.5546217560768127
0.9858232736587524,0.08978887647390366
0.30042800307273865,0.7032092809677124
0.9476569294929504,0.2666095495223999
0.9120867848396301,0.3489556610584259
0.8295417428016663,0.2660207450389862
0.5613391995429993,0.7278921604156494
0.8966681957244873,0.38053861260414124
0.8170545697212219,0.48371896147727966
0.8473575711250305,0.2830837070941925
0.9466723799705505,0.47444719076156616
0.6840486526489258,0.3258364498615265
0.9556184411048889,0.1829751431941986
0.696190595626831,0.4520323574542999
0.9810894131660461,0.8887255787849426
0.9303759336471558,0.6541783809661865
0.9495874643325806,0.6984367966651917
0.929302453994751,0.1718861311674118
0.8418018817901611,0.23957204818725586
0.07651933282613754,0.8412586450576782
0.8814681768417358,0.20042267441749573
0.12301625311374664,0.6696180701255798
0.36178499460220337,0.5343322157859802
0.16112524271011353,0.7199000716209412
0.31537631154060364,0.5917258262634277
0.9016616940498352,0.3891116678714752
0.4389515519142151,0.3939032256603241
0.8198051452636719,0.4108525812625885
0.8942298889160156,0.3582842946052551
0.8896557092666626,0.3057467043399811
0.6226699352264404,0.4645019769668579
0.911101758480072,0.2399519681930542
0.9732117056846619,0.8586515188217163
0.8295417428016663,0.2660207450389862
0.5277606248855591,0.512824535369873
0.8389758467674255,0.271114706993103
0.587787389755249,0.42427530884742737
0.912395179271698,0.27693474292755127
0.6603424549102783,0.48113855719566345
0.847407341003418,0.340656578540802
0.9198734164237976,0.20228295028209686
0.8756564855575562,0.29434165358543396
0.925136923789978,0.3074285387992859
0.3745904862880707,0.6228948831558228
0.9101811647415161,0.5591696500778198
0.12106870859861374,0.680700421333313
0.7041059732437134,0.4202607572078705
0.5946013331413269,0.5221347212791443
0.8992428183555603,0.21419161558151245
0.8799220323562622,0.13865193724632263
0.7132232189178467,0.34853601455688477
0.879063069820404,0.507702648639679
0.9375391602516174,0.20925669372081757
0.5547254085540771,0.3492372930049896
0.9006483554840088,0.23317930102348328
0.8739343881607056,0.2747030556201935
0.31325384974479675,0.5312413573265076
0.9090327620506287,0.3701407313346863
0.2130873203277588,0.6189463138580322
0.8473575711250305,0.2830837070941925
0.5892994403839111,0.3222585618495941
0.966129720211029,0.13652896881103516
0.7911686897277832,0.6412820816040039
0.45984935760498047,0.7776212096214294
0.609488844871521,0.34460049867630005
0.8638842701911926,0.28559446334838867
0.8295417428016663,0.2660207450389862
0.9571425914764404,0.26032155752182007
0.9098809957504272,0.5027577877044678
0.8537145853042603,0.24030691385269165
0.8319522738456726,0.49081119894981384
0.9375391602516174,0.20925669372081757
0.8758532404899597,0.3418193459510803
0.7785778045654297,0.30942222476005554
0.5902206301689148,0.6393964886665344
0.82370525598526,0.76475989818573
0.6251363158226013,0.3108367323875427
0.874531090259552,0.3401278257369995
0.9368679523468018,0.24048104882240295
0.7308441996574402,0.27736908197402954
0.6796885132789612,0.3414347469806671
0.9496449828147888,0.33836883306503296
0.9751055836677551,0.5255677103996277
0.41448527574539185,0.6687940955162048
0.7007789015769958,0.5668374300003052
0.878951370716095,0.1446348875761032
0.9351512789726257,0.6886237263679504
0.8805325031280518,0.36800891160964966
0.8581898212432861,0.5549364686012268
0.8229058980941772,0.21059522032737732
0.8224032521247864,0.22842541337013245
0.8351284265518188,0.4954283535480499
0.5299121737480164,0.2668316066265106
0.15412043035030365,0.7294999361038208
0.9074175357818604,0.23571056127548218
0.6486313343048096,0.6077767610549927
0.29823145270347595,0.3287491202354431
0.702582061290741,0.3402096629142761
0.7132232189178467,0.34853601455688477
0.33785393834114075,0.6435511708259583
0.846136748790741,0.5857067704200745
0.9631166458129883,0.5001576542854309
0.8287150263786316,0.6102016568183899
0.9219102263450623,0.19455692172050476
0.7025300860404968,0.36269888281822205
0.13298320770263672,0.6617412567138672
0.7793325781822205,0.2048463672399521
0.38821056485176086,0.7495803833007812
0.7132232189178467,0.34853601455688477
0.9282280802726746,0.3276165723800659
0.969851016998291,0.29456886649131775
0.6796209216117859,0.5421428084373474
0.9789981245994568,0.0676826611161232
0.7906860113143921,0.5294698476791382
0.9615669250488281,0.1852012723684311
0.4070128798484802,0.4993860125541687
0.7480820417404175,0.5206317901611328
0.9472762942314148,0.23034833371639252
0.8963543772697449,0.1909240037202835
0.7132232189178467,0.34853601455688477
0.7319990396499634,0.41972875595092773
0.7568702697753906,0.4265232980251312
0.8756564855575562,0.29434165358543396
0.5137209296226501,0.7257288694381714
0.9490286111831665,0.22120626270771027
0.9079634547233582,0.24629202485084534
0.8676714897155762,0.6580740213394165
0.6030664443969727,0.4662691354751587
0.935097873210907,0.22296546399593353
0.9597153663635254,0.5244901180267334
0.9032273292541504,0.3041338622570038
0.9023871421813965,0.3587729036808014
0.865353524684906,0.35092058777809143
0.8500388860702515,0.1619798094034195
0.9307003617286682,0.3862054944038391
0.7090966701507568,0.3453400135040283
0.2409651279449463,0.7670620083808899
0.8415851593017578,0.2550770342350006
0.37564390897750854,0.39604344964027405
0.9393567442893982,0.15469883382320404
0.9540708661079407,0.2927667200565338
0.8198051452636719,0.4108525812625885
0.21935075521469116,0.3664371967315674
0.41507065296173096,0.30093148350715637
0.9419670104980469,0.5116297602653503
0.7470462322235107,0.2845767140388489
0.7211481928825378,0.2776665687561035
0.9844686388969421,0.9270263910293579
0.8493092656135559,0.29801908135414124
0.9006468653678894,0.3897363245487213
0.9369344115257263,0.21606802940368652
0.9656075239181519,0.16662828624248505
0.8998481035232544,0.178633913397789
0.943665623664856,0.23176641762256622
0.521748960018158,0.3886074721813202
0.279276043176651,0.6329813599586487
0.7319990396499634,0.41972875595092773
0.9838964939117432,0.1665453463792801
0.9130758047103882,0.3327261507511139
0.6803984642028809,0.39015644788742065
0.49416014552116394,0.5764612555503845
0.8997510075569153,0.3529146909713745
0.9115082025527954,0.25371941924095154
0.647878110408783,0.48386985063552856
0.7967308163642883,0.30317655205726624
0.9502284526824951,0.19597849249839783
0.8928008675575256,0.40608346462249756
0.5042496919631958,0.5253111124038696
0.8230832815170288,0.28836485743522644
0.9074214100837708,0.3096771538257599
0.8295417428016663,0.2660207450389862
0.878951370716095,0.1446348875761032
0.691196858882904,0.2681138813495636
0.8907362818717957,0.29359567165374756
0.9472762942314148,0.23034833371639252
0.9375391602516174,0.20925669372081757
0.9307123422622681,0.18543580174446106
0.5844558477401733,0.5206316113471985
0.9443676471710205,0.3548891842365265
0.6809839606285095,0.3344050347805023
0.9167438745498657,0.31807252764701843
0.9880190491676331,0.0787387266755104
0.4494021534919739,0.3311520218849182
0.8227828145027161,0.45608648657798767
0.9785755276679993,0.1206534206867218
0.8295417428016663,0.2660207450389862
0.8806678652763367,0.4993714988231659
0.8651609420776367,0.5588150024414062
0.9303539395332336,0.2702353298664093
0.9396820068359375,0.5476841926574707
0.7128866314888,0.2945121228694916
0.8953729867935181,0.4627512991428375
0.8173395991325378,0.45149216055870056
0.9088286757469177,0.3731060326099396
0.8378990888595581,0.4241979122161865
0.922987699508667,0.19811274111270905
0.7056122422218323,0.5006846785545349
0.9533629417419434,0.5575940608978271
0.9192373752593994,0.2335473895072937
0.9229624271392822,0.5906022787094116
0.9002906680107117,0.32301124930381775
0.46141287684440613,0.6074658036231995
0.5740669965744019,0.5490801334381104
0.3119218945503235,0.5792191028594971
0.9535670876502991,0.24891844391822815
0.9541802406311035,0.27209368348121643
0.2877844572067261,0.42444008588790894
0.8650053143501282,0.4003368318080902
0.8980231285095215,0.5063427090644836
0.9261184930801392,0.1590522974729538
0.8976697325706482,0.2178879976272583
0.2734009325504303,0.5405147075653076
0.9262534379959106,0.32326385378837585
0.8981160521507263,0.3997502028942108
0.7602318525314331,0.4211665391921997
0.9048840403556824,0.1742059588432312
0.3928735554218292,0.43582355976104736
0.15412043035030365,0.7294999361038208
0.8150116205215454,0.6096435189247131
0.8513839840888977,0.34021317958831787
0.8981160521507263,0.3997502028942108
0.5551843047142029,0.5492141246795654
0.9598169326782227,0.24228328466415405
0.89718097448349,0.47618210315704346
0.8966681957244873,0.38053861260414124
0.89718097448349,0.47618210315704346
0.32058185338974,0.2621435225009918
0.89718097448349,0.47618210315704346
0.9646142721176147,0.23993928730487823
0.3270394504070282,0.5314258933067322
0.513152539730072,0.33629855513572693
0.5331737399101257,0.35549554228782654
0.9877088069915771,0.32312408089637756
0.645430862903595,0.29509395360946655
0.9357271790504456,0.1925717145204544
0.8879151940345764,0.409918874502182
0.9650962352752686,0.15502585470676422
0.7653881311416626,0.43917104601860046
0.9380530714988708,0.36691898107528687
0.6618623733520508,0.6605896353721619
0.8657960891723633,0.3712017238140106
0.8943017721176147,0.29612740874290466
0.7109061479568481,0.3391876518726349
0.9260699152946472,0.4491589367389679
0.8797313570976257,0.345964252948761
0.4503043591976166,0.7776073217391968
0.8960241675376892,0.495023250579834
0.9083043932914734,0.46107205748558044
0.9120867848396301,0.3489556610584259
0.9764602780342102,0.32554754614830017
0.8295417428016663,0.2660207450389862
0.89718097448349,0.47618210315704346
0.8537145853042603,0.24030691385269165
0.8961283564567566,0.45266491174697876
0.2130873203277588,0.6189463138580322
0.9720344543457031,0.09817507863044739
0.8539718985557556,0.29937753081321716
0.9581108093261719,0.6776921153068542
0.46434926986694336,0.44653621315956116
0.9328460693359375,0.15485569834709167
0.9195047616958618,0.25149911642074585
0.89718097448349,0.47618210315704346
0.3984568417072296,0.26872801780700684
0.9429130554199219,0.3155350089073181
0.9491271376609802,0.2347620725631714
0.6314284801483154,0.6008943915367126
0.32998934388160706,0.6009746193885803
0.8843466639518738,0.4037477374076843
0.882141649723053,0.21325059235095978
0.8473575711250305,0.2830837070941925
0.4534669816493988,0.45640960335731506
0.5812782049179077,0.5645598769187927
0.5064767599105835,0.4749458432197571
0.23030351102352142,0.4466541111469269
0.3970605432987213,0.6391716599464417
0.31325384974479675,0.5312413573265076
0.9562084078788757,0.1827920824289322
0.3845258057117462,0.5470724105834961
0.9016616940498352,0.3891116678714752
0.4682021141052246,0.6591418981552124
0.6877938508987427,0.22676418721675873
0.9286816716194153,0.354729026556015
0.3259405493736267,0.5916467905044556
0.918689489364624,0.1793014109134674
0.6859959363937378,0.406497061252594
0.9583955407142639,0.6448559761047363
0.8943017721176147,0.29612740874290466
0.8730825185775757,0.5531562566757202
0.9090873599052429,0.1840519905090332
0.9375391602516174,0.20925669372081757
0.6381070017814636,0.5267887711524963
0.8562528491020203,0.5314589142799377
0.8094488382339478,0.17603354156017303
0.9112862944602966,0.3248921036720276
0.279276043176651,0.6329813599586487
0.660971462726593,0.2608928978443146
0.6911577582359314,0.8702520132064819
0.2298029661178589,0.4880433678627014
0.40165451169013977,0.31790584325790405
0.9423062205314636,0.2906303405761719
0.9080327153205872,0.47331178188323975
0.35322725772857666,0.6233208179473877
0.9405494332313538,0.2971113324165344
0.9071846604347229,0.19631388783454895
0.902534008026123,0.6139542460441589
0.33843794465065,0.4359894096851349
0.8566427230834961,0.27842140197753906
0.9090327620506287,0.3701407313346863
0.7086270451545715,0.3445645868778229
0.40970543026924133,0.5902391672134399
0.8431791663169861,0.2713695764541626
0.9642175436019897,0.3058171272277832
0.8094488382339478,0.17603354156017303
0.9374681115150452,0.2752212584018707
0.8227828145027161,0.45608648657798767
0.7047709226608276,0.369429349899292
0.14865443110466003,0.7289230227470398
0.856449544429779,0.1774570196866989
0.73441082239151,0.4657329022884369
0.7620118260383606,0.2774939239025116
0.9531087875366211,0.3541354835033417
0.3622988760471344,0.6087549328804016
0.8911329507827759,0.23141010105609894
0.4861593246459961,0.5434377789497375
0.8941055536270142,0.39187192916870117
0.9862725734710693,0.2639104723930359
0.9148033857345581,0.553977906703949
0.459920734167099,0.2929643988609314
0.9107176065444946,0.15027108788490295
0.8501232266426086,0.3231896758079529
0.9747902154922485,0.17754261195659637
0.9196593165397644,0.4453365206718445
0.9086337089538574,0.10744509100914001
0.8662644028663635,0.17486338317394257
0.606388509273529,0.2909555435180664
0.8322052359580994,0.4050256609916687
0.4014207124710083,0.44131559133529663
0.10141751170158386,0.8867927193641663
0.11776253581047058,0.657049298286438
0.8793089389801025,0.3835807144641876
0.7128866314888,0.2945121228694916
0.8790596723556519,0.3490408957004547
0.8850741386413574,0.32553040981292725
0.8918539881706238,0.31901267170906067
0.7132232189178467,0.34853601455688477
0.9668350219726562,0.20250970125198364
0.9255806803703308,0.5902183651924133
0.7132232189178467,0.34853601455688477
0.7581661343574524,0.15596865117549896
0.873285710811615,0.5409195423126221
0.2640666365623474,0.4861238896846771
0.9219102263450623,0.19455692172050476
0.9080749750137329,0.29595911502838135
0.15412043035030365,0.7294999361038208
0.9072579741477966,0.20690792798995972
0.9120867848396301,0.3489556610584259
0.913806140422821,0.12641888856887817
0.874531090259552,0.3401278257369995
0.9415115714073181,0.12069692462682724
0.9511831402778625,0.22530435025691986
0.4777665138244629,0.5187178254127502
0.3259405493736267,0.5916467905044556
0.9891658425331116,0.07266619056463242
0.7545669674873352,0.38676658272743225
0.7146660089492798,0.5238510370254517
0.9116979837417603,0.3173561990261078
0.8198051452636719,0.4108525812625885
0.9107562899589539,0.22188608348369598
0.9856908917427063,0.4175456762313843
0.42597252130508423,0.6999676823616028
0.3132520318031311,0.6452556252479553
0.3804374039173126,0.5377454161643982
0.9235126376152039,0.3525785505771637
0.6764225363731384,0.6894475817680359
0.4389515519142151,0.3939032256603241
0.9454058408737183,0.7088015675544739
0.40718355774879456,0.31874480843544006
0.9514420628547668,0.5626272559165955
0.24904915690422058,0.6379618048667908
0.8830508589744568,0.4353533387184143
0.5965211987495422,0.2500413954257965
0.8288044333457947,0.23881679773330688
0.21380314230918884,0.7389146685600281
0.8957726359367371,0.3563508093357086
0.9318197965621948,0.1867278516292572
0.7146222591400146,0.28291741013526917
0.9365152716636658,0.2825286388397217
0.9060515761375427,0.25402241945266724
0.9521846771240234,0.6200405359268188
0.5936948657035828,0.6145070195198059
0.2964369058609009,0.6380219459533691
0.8936381340026855,0.3380926549434662
0.9060307741165161,0.1438644528388977
0.9198734164237976,0.20228295028209686
0.9035377502441406,0.3339632749557495
0.9474722743034363,0.5029012560844421
0.6753196716308594,0.5697606205940247
0.9026402831077576,0.30148306488990784
0.8966681957244873,0.38053861260414124
0.7852457165718079,0.5668172836303711
0.10800468176603317,0.6142181158065796
0.847546398639679,0.2926263213157654
0.7450699210166931,0.3070267140865326
0.8425467610359192,0.30064457654953003
0.6501173377037048,0.2734275162220001
0.8373266458511353,0.2957014739513397
0.9116730093955994,0.23988774418830872
0.9083043932914734,0.46107205748558044
0.8998481035232544,0.178633913397789
0.89718097448349,0.47618210315704346
0.4983360469341278,0.7283354997634888
0.9360905885696411,0.38317856192588806
0.9043731093406677,0.3038541376590729
0.6127845644950867,0.27005746960639954
0.8651609420776367,0.5588150024414062
0.8936381340026855,0.3380926549434662
0.7785778045654297,0.30942222476005554
0.9856908917427063,0.4175456762313843
0.5577993988990784,0.7397535443305969
0.9453455805778503,0.5609700679779053
0.8295417428016663,0.2660207450389862
0.8998481035232544,0.178633913397789
0.5288453102111816,0.69399094581604
0.5649840235710144,0.3336901366710663
0.8265591859817505,0.35252249240875244
0.8483812212944031,0.27457594871520996
0.4367976784706116,0.6479436159133911
0.6140149831771851,0.5263732075691223
0.8295417428016663,0.2660207450389862
0.7431055307388306,0.49516886472702026
0.27060726284980774,0.649101972579956
0.9061928391456604,0.4059375822544098
0.6803984642028809,0.39015644788742065
0.4109586477279663,0.4730657637119293
0.1378834843635559,0.7754303812980652
0.711037814617157,0.3942386507987976
0.6528487801551819,0.194295734167099
0.967070996761322,0.356097936630249
0.9219102263450623,0.19455692172050476
0.9875789284706116,0.14607533812522888
0.15238912403583527,0.7404067516326904
0.825219988822937,0.43951141834259033
0.7117608785629272,0.24227546155452728
0.4475879669189453,0.7252883315086365
0.7783862352371216,0.48147550225257874
0.8100247383117676,0.31704768538475037
0.252500981092453,0.6358525156974792
0.9172157645225525,0.22399728000164032
0.5651034116744995,0.5753546953201294
0.9542854428291321,0.20658530294895172
0.8943017721176147,0.29612740874290466
0.4245125651359558,0.5175600647926331
0.3297768831253052,0.33787134289741516
0.8295417428016663,0.2660207450389862
0.9840643405914307,0.1590818464756012
0.9936364889144897,0.3313961327075958
0.906410276889801,0.11737577617168427
0.7128866314888,0.2945121228694916
0.9388996958732605,0.1254667192697525
0.5350301861763,0.35775795578956604
0.6917067170143127,0.366454541683197
0.89718097448349,0.47618210315704346
0.8758726119995117,0.29122301936149597
0.9858232736587524,0.08978887647390366
0.6436060667037964,0.3371306359767914
0.9060515761375427,0.25402241945266724
0.7248958349227905,0.18670609593391418
0.9910984635353088,0.2478152960538864
0.284121036529541,0.576289176940918
0.7843948006629944,0.2632659673690796
0.9116979837417603,0.3173561990261078
0.847407341003418,0.340656578540802
0.6000884175300598,0.29585614800453186
0.528026282787323,0.2723110616207123
0.9547536969184875,0.4699629843235016
0.5331737399101257,0.35549554228782654
0.6094481945037842,0.3807392716407776
0.9452887773513794,0.20706553757190704
0.7244938611984253,0.3319481313228607
0.847407341003418,0.340656578540802
0.45506027340888977,0.43785637617111206
0.9120435118675232,0.14547310769557953
0.4007810354232788,0.6162062883377075
0.9469090700149536,0.32229697704315186
0.8372237682342529,0.5149627923965454
0.8969475030899048,0.1326943039894104
0.7132232189178467,0.34853601455688477
0.9120867848396301,0.3489556610584259
0.6821069121360779,0.33830106258392334
0.9290415644645691,0.17349234223365784
0.8513839840888977,0.34021317958831787
0.5954866409301758,0.24634185433387756
0.5835925340652466,0.3396165072917938
0.8360614776611328,0.24530033767223358
0.8065069913864136,0.8220410346984863
0.4830186069011688,0.35263150930404663
0.8412039875984192,0.5065824389457703
0.5756967663764954,0.6139172911643982
0.9261184930801392,0.1590522974729538
0.9869194626808167,0.08066429197788239
0.8494902849197388,0.23335000872612
0.9275608658790588,0.20261143147945404
0.8684430718421936,0.3166503310203552
0.8473575711250305,0.2830837070941925
0.2244458794593811,0.7034376263618469
0.8473575711250305,0.2830837070941925
0.908829391002655,0.27041277289390564
0.9442669749259949,0.329001247882843
0.13164474070072174,0.6762344837188721
0.7132232189178467,0.34853601455688477
0.6618623733520508,0.6605896353721619
0.9496844410896301,0.33873921632766724
0.9741133451461792,0.1776915341615677
0.5331737399101257,0.35549554228782654
0.45506027340888977,0.43785637617111206
0.7109155058860779,0.40824151039123535
0.7007789015769958,0.5668374300003052
0.942145049571991,0.5632649660110474
0.8295417428016663,0.2660207450389862
0.7132232189178467,0.34853601455688477
0.17986918985843658,0.8439258933067322
0.21654139459133148,0.6511235237121582
0.7042301893234253,0.6345756649971008
0.5148365497589111,0.38964664936065674
0.31616321206092834,0.5410035848617554
0.38821056485176086,0.7495803833007812
0.9538952112197876,0.3120102286338806
0.9476569294929504,0.2666095495223999
0.7047709226608276,0.369429349899292
0.2549316883087158,0.4723125100135803
0.299614816904068,0.5156011581420898
0.934472382068634,0.26925474405288696
0.7940468788146973,0.5481672883033752
0.6809839606285095,0.3344050347805023
0.2249590903520584,0.6404279470443726
0.9487893581390381,0.185655415058136
0.9180450439453125,0.2878318130970001
0.9406086802482605,0.18975812196731567
0.2783805727958679,0.6806353330612183
0.9511831402778625,0.22530435025691986
0.8678883910179138,0.30430662631988525
0.8360614776611328,0.24530033767223358
0.9035868048667908,0.19400355219841003
0.18671759963035583,0.7307813763618469
0.9743320345878601,0.09236585348844528
0.8198051452636719,0.4108525812625885
0.9416130185127258,0.3779855966567993
0.7047709226608276,0.369429349899292
0.955096960067749,0.04528382793068886
0.34124913811683655,0.3670664429664612
0.817652702331543,0.1361115425825119
0.967814564704895,0.10733842849731445
0.842481791973114,0.2208344042301178
0.46926337480545044,0.6042946577072144
0.9453455805778503,0.5609700679779053
0.5057016611099243,0.5342849493026733
0.9412187933921814,0.18636657297611237
0.5331737399101257,0.35549554228782654
0.8992428183555603,0.21419161558151245
0.9479557275772095,0.2776981592178345
0.5119550228118896,0.2983604073524475
0.49133986234664917,0.7006344199180603
0.9451378583908081,0.1980249285697937
0.5195028781890869,0.3646068274974823
0.8910812735557556,0.3035411536693573
0.7548787593841553,0.7747195363044739
0.7581661343574524,0.15596865117549896
0.5331737399101257,0.35549554228782654
0.5704938173294067,0.4128783643245697
0.29430973529815674,0.47971266508102417
0.9060515761375427,0.25402241945266724
0.9173403978347778,0.28182554244995117
0.8807598948478699,0.3001222014427185
0.9477144479751587,0.21978364884853363
0.9427494406700134,0.25344064831733704
0.4389515519142151,0.3939032256603241
0.9177568554878235,0.3419870436191559
0.8473575711250305,0.2830837070941925
0.9668224453926086,0.2605244219303131
0.7913463115692139,0.3814585208892822
0.8943017721176147,0.29612740874290466
0.9611907601356506,0.3285132944583893
0.9249434471130371,0.18739180266857147
0.9036033749580383,0.2816062271595001
0.9700813889503479,0.09729043394327164
0.9068635106086731,0.3732648491859436
0.9212394952774048,0.23510435223579407
0.9429130554199219,0.3155350089073181
0.692074716091156,0.29975447058677673
0.9261184930801392,0.1590522974729538
0.8758200407028198,0.3839125335216522
0.8976697325706482,0.2178879976272583
0.5972520709037781,0.26301106810569763
0.8992428183555603,0.21419161558151245
0.6603468656539917,0.5767223834991455
0.4427041709423065,0.5822767019271851
0.17433640360832214,0.6011602282524109
0.5721235275268555,0.4189753532409668
0.7756794691085815,0.5091114640235901
0.8506698608398438,0.22555230557918549
0.5618265867233276,0.4434221684932709
0.8582547903060913,0.4243612289428711
0.3804374039173126,0.5377454161643982
0.9141937494277954,0.5309025645256042
0.8496024012565613,0.3975658118724823
0.8298086524009705,0.31016501784324646
0.675711452960968,0.5629000067710876
0.7109155058860779,0.40824151039123535
0.9874021410942078,0.12761564552783966
0.7172911167144775,0.2918410897254944
0.46561577916145325,0.4612492620944977
0.4994772970676422,0.49989449977874756
0.9451378583908081,0.1980249285697937
0.9532977342605591,0.24966810643672943
0.5915312170982361,0.39470192790031433
0.9729170799255371,0.10544043779373169
0.5212082862854004,0.3975778818130493
0.9452627897262573,0.4564772844314575
0.8436177968978882,0.47912412881851196
0.3638256788253784,0.2789308726787567
0.9770300388336182,0.23655425012111664
0.9219102263450623,0.19455692172050476
0.368525892496109,0.6480739712715149
0.89718097448349,0.47618210315704346
0.7072027325630188,0.40577447414398193
0.7783763408660889,0.46844467520713806
0.9247800707817078,0.15834005177021027
0.4861593246459961,0.5434377789497375
0.8682491183280945,0.38172513246536255
0.5649840235710144,0.3336901366710663
0.5447261929512024,0.7248669862747192
0.9731757044792175,0.519115149974823
0.35587963461875916,0.7418582439422607
0.4613073170185089,0.7333132028579712
0.640825629234314,0.20959576964378357
0.9002853035926819,0.16847935318946838
0.3642503619194031,0.44684749841690063
0.9555468559265137,0.607884407043457
0.4119643270969391,0.694359302520752
0.9084034562110901,0.22721591591835022
0.5758001804351807,0.6836774945259094
0.8943017721176147,0.29612740874290466
0.9393790364265442,0.19546501338481903
0.912558376789093,0.27567538619041443
0.874531090259552,0.3401278257369995
0.9503505229949951,0.15515433251857758
0.4367976784706116,0.6479436159133911
0.8282173871994019,0.15376080572605133
0.477008193731308,0.28057268261909485
0.5331737399101257,0.35549554228782654
0.6032202839851379,0.6966212391853333
0.8484216928482056,0.32487478852272034
0.3119218945503235,0.5792191028594971
0.48627397418022156,0.37591928243637085
0.9585828185081482,0.13470393419265747
0.35642674565315247,0.7101717591285706
0.8473575711250305,0.2830837070941925
0.4933142066001892,0.39478620886802673
0.953738272190094,0.7085686326026917
0.3629802465438843,0.355598121881485
0.7881619930267334,0.28775593638420105
0.9209877848625183,0.5436345934867859
0.863762617111206,0.18933351337909698
0.6853078603744507,0.5290409326553345
0.5801701545715332,0.46509671211242676
0.6825590133666992,0.529721200466156
0.8902385830879211,0.18778377771377563
0.9502284526824951,0.19597849249839783
0.89718097448349,0.47618210315704346
0.7132232189178467,0.34853601455688477
0.9116979837417603,0.3173561990261078
0.6993764042854309,0.366594523191452
0.7822546362876892,0.38499513268470764
0.7393425107002258,0.2604432702064514
0.24657633900642395,0.5697488188743591
0.9747006297111511,0.270625501871109
0.7095023989677429,0.3226605951786041
0.3308122158050537,0.448294073343277
0.7986584305763245,0.3140290081501007
0.9069868326187134,0.4834602475166321
0.8022018074989319,0.4764852821826935
0.9513778686523438,0.24284300208091736
0.9547285437583923,0.12658384442329407
0.9722012281417847,0.15923112630844116
0.8533914089202881,0.6692914962768555
0.9327964782714844,0.2395230382680893
0.6496210098266602,0.29574304819107056
0.765425443649292,0.47957831621170044
0.8295417428016663,0.2660207450389862
0.3824266195297241,0.20200343430042267
0.789739191532135,0.5733402371406555
0.582629382610321,0.5857077836990356
0.9095320701599121,0.5513836741447449
0.32202965021133423,0.44605156779289246
0.9925901889801025,0.07303807139396667
0.34441840648651123,0.40662556886672974
0.7132232189178467,0.34853601455688477
0.8049587607383728,0.28361302614212036
0.7325913310050964,0.34488704800605774
0.8278297185897827,0.3167068362236023
0.9072579741477966,0.20690792798995972
0.7200472354888916,0.38448187708854675
0.8994836807250977,0.524989128112793
0.3638256788253784,0.2789308726787567
0.9208687543869019,0.4520305395126343
0.8505183458328247,0.3495374023914337
0.7690300345420837,0.4503318667411804
0.7449846863746643,0.4435829222202301
0.8971048593521118,0.6364224553108215
0.14460472762584686,0.7536848187446594
0.271840900182724,0.7318167090415955
0.8979973196983337,0.33316072821617126
0.8939077258110046,0.33921095728874207
0.7169396877288818,0.3298611640930176
0.9549056887626648,0.7570313215255737
0.9608039259910583,0.7314949035644531
0.9856908917427063,0.4175456762313843
0.3234443962574005,0.5110726356506348
0.8926733136177063,0.26958656311035156
0.9656075239181519,0.16662828624248505
0.9388404488563538,0.3860829174518585
0.9035868048667908,0.19400355219841003
0.4839644134044647,0.6901921033859253
0.48383721709251404,0.737561821937561
0.8903406262397766,0.15929873287677765
0.9556255340576172,0.11220075190067291
0.9627874493598938,0.28201693296432495
0.4830186069011688,0.35263150930404663
0.8848568201065063,0.5473665595054626
0.9219102263450623,0.19455692172050476
0.3638256788253784,0.2789308726787567
0.7832642197608948,0.48193681240081787
0.9523775577545166,0.262634813785553
0.538745641708374,0.5723394751548767
0.9035868048667908,0.19400355219841003
0.9006483554840088,0.23317930102348328
0.8978838324546814,0.2327566146850586
0.2130873203277588,0.6189463138580322
0.40165451169013977,0.31790584325790405
0.49977463483810425,0.2950933873653412
0.5765647292137146,0.5653964877128601
0.18543319404125214,0.5513089895248413
0.873543918132782,0.2551237940788269
0.8880688548088074,0.3656657636165619
0.5304695963859558,0.3671211302280426
0.8473575711250305,0.2830837070941925
0.9303539395332336,0.2702353298664093
0.9035453200340271,0.32751134037971497
0.9060515761375427,0.25402241945266724
0.8475818037986755,0.3770458698272705
0.5119550228118896,0.2983604073524475
0.7417282462120056,0.7017384767532349
0.8134579658508301,0.1306099146604538
0.9581264853477478,0.4289664328098297
0.8473575711250305,0.2830837070941925
0.9360688328742981,0.3027553856372833
0.9583715796470642,0.16877377033233643
0.9786012172698975,0.22639590501785278
0.7819297313690186,0.6351362466812134
0.9020867943763733,0.1917196363210678
0.8316142559051514,0.32979434728622437
0.500542402267456,0.6718869209289551
0.29824814200401306,0.7086442708969116
0.5870922803878784,0.4149124026298523
0.31293830275535583,0.5983229875564575
0.7075983881950378,0.44101402163505554
0.8840944170951843,0.2534264326095581
0.7169396877288818,0.3298611640930176
0.88431715965271,0.14418324828147888
0.6212736368179321,0.3411647379398346
0.4896562695503235,0.515529453754425
0.8094488382339478,0.17603354156017303
0.89718097448349,0.47618210315704346
0.45061424374580383,0.3999554216861725
0.2901945114135742,0.42616716027259827
0.6754599809646606,0.40003880858421326
0.9177738428115845,0.2671068012714386
0.9322426915168762,0.2550828754901886
0.9213078022003174,0.5878497958183289
0.9480284452438354,0.3190182149410248
0.9547536969184875,0.4699629843235016
0.968863844871521,0.396476686000824
0.896266758441925,0.10074445605278015
0.7632201313972473,0.29622504115104675
0.8566427230834961,0.27842140197753906
0.9828123450279236,0.2776271104812622
0.9043731093406677,0.3038541376590729
0.8673343658447266,0.27037814259529114
0.9872631430625916,0.2786819636821747
0.4861593246459961,0.5434377789497375
0.4389515519142151,0.3939032256603241
0.4534669816493988,0.45640960335731506
0.6976073980331421,0.49441251158714294
0.9531087875366211,0.3541354835033417
0.6360526084899902,0.1649983674287796
0.8980231285095215,0.5063427090644836
0.9141042828559875,0.35914507508277893
0.887776792049408,0.38822314143180847
0.6914774775505066,0.40228861570358276
0.3638256788253784,0.2789308726787567
0.8284754753112793,0.2769224941730499
0.9369120001792908,0.5138024091720581
0.7132232189178467,0.34853601455688477
0.6389116048812866,0.3821265995502472
0.8943017721176147,0.29612740874290466
0.7690300345420837,0.4503318667411804
0.9516453146934509,0.3388371169567108
0.5810055732727051,0.33979278802871704
0.9658735394477844,0.38896483182907104
0.3119218945503235,0.5792191028594971
0.8483812212944031,0.27457594871520996
0.9579683542251587,0.2768996059894562
0.9452887773513794,0.20706553757190704
0.7632201313972473,0.29622504115104675
0.8822277784347534,0.23500613868236542
0.6174888014793396,0.22032757103443146
0.9343372583389282,0.15042680501937866
0.9323021769523621,0.24141089618206024
0.9852544069290161,0.6082201600074768
0.20813314616680145,0.674137532711029
0.6754599809646606,0.40003880858421326
0.4923749566078186,0.43153366446495056
0.4427041709423065,0.5822767019271851
0.9503505229949951,0.15515433251857758
0.9333032369613647,0.3232235908508301
0.9415395259857178,0.31733471155166626
0.3928735554218292,0.43582355976104736
0.9591825604438782,0.7507226467132568
0.1973034292459488,0.6289314031600952
0.9725573658943176,0.10825545340776443
0.9490286111831665,0.22120626270771027
0.956379234790802,0.0683569610118866
0.7055809497833252,0.3578853905200958
0.7635263800621033,0.8353390097618103
0.3804374039173126,0.5377454161643982
0.8473575711250305,0.2830837070941925
0.3129487633705139,0.5532558560371399
0.9375391602516174,0.20925669372081757
0.45506027340888977,0.43785637617111206
0.8227828145027161,0.45608648657798767
0.4007810354232788,0.6162062883377075
0.9502284526824951,0.19597849249839783
0.5585017204284668,0.36520591378211975
0.4389515519142151,0.3939032256603241
0.8970553874969482,0.36273232102394104
0.9468482732772827,0.5569750070571899
0.8936381340026855,0.3380926549434662
0.2505975067615509,0.6538695096969604
0.5433621406555176,0.34101852774620056
0.7899487614631653,0.4652799665927887
0.48989635705947876,0.3948877155780792
0.7545658349990845,0.25980889797210693
0.7509684562683105,0.2591885030269623
0.9502284526824951,0.19597849249839783
0.855490505695343,0.4206695258617401
0.9751132726669312,0.19714461266994476
0.88431715965271,0.14418324828147888
0.43503740429878235,0.4741764962673187
0.6845666766166687,0.2308133989572525
0.7601920366287231,0.2948015630245209
0.7064971327781677,0.2835097908973694
0.8923004865646362,0.5256858468055725
0.89718097448349,0.47618210315704346
0.9261184930801392,0.1590522974729538
0.44741785526275635,0.4127558171749115
0.9176146388053894,0.20467570424079895
0.9217348098754883,0.2254742980003357
0.4861593246459961,0.5434377789497375
0.9219102263450623,0.19455692172050476
0.8094488382339478,0.17603354156017303
0.9501646161079407,0.3814696669578552
0.21132218837738037,0.8427780270576477
0.921419620513916,0.21055252850055695
0.8814681768417358,0.20042267441749573
0.5198114514350891,0.43619436025619507
0.8287882208824158,0.2807358205318451
0.9488986730575562,0.15323194861412048
0.7581661343574524,0.15596865117549896
0.3871997892856598,0.6828091144561768
0.1605670154094696,0.7349869608879089
0.9610573053359985,0.14544861018657684
0.9469576478004456,0.5366212129592896
0.2469145804643631,0.6714122891426086
0.2708989381790161,0.5043191313743591
0.9208889603614807,0.20236840844154358
0.8539718985557556,0.29937753081321716
0.9290693402290344,0.5198695659637451
0.8998481035232544,0.178633913397789
0.9217294454574585,0.3637019395828247
0.5944879651069641,0.2573544681072235
0.6954763531684875,0.4570249319076538
0.7785778045654297,0.30942222476005554
0.8066979050636292,0.24657347798347473
0.1471303552389145,0.6850876808166504
0.9772587418556213,0.45124563574790955
0.3329932689666748,0.8007720708847046
0.922987699508667,0.19811274111270905
0.9861976504325867,0.4015433192253113
0.955184280872345,0.6747413277626038
0.9393314123153687,0.29287058115005493
0.5044670701026917,0.5211721658706665
0.46080049872398376,0.8846654295921326
0.4389515519142151,0.3939032256603241
0.7625437378883362,0.5329620242118835
0.9219102263450623,0.19455692172050476
0.8527321219444275,0.16768348217010498
0.4042738974094391,0.4561662971973419
0.4990556538105011,0.6004720330238342
0.6536442637443542,0.34576788544654846
0.7211481928825378,0.2776665687561035
0.8168720602989197,0.3339654505252838
0.9243385195732117,0.23895475268363953
0.7081975936889648,0.5379849076271057
0.9486215114593506,0.2962406277656555
0.9453455805778503,0.5609700679779053
0.41514846682548523,0.5020912885665894
0.9060515761375427,0.25402241945266724
0.5442236065864563,0.6544641852378845
0.9428325891494751,0.16556985676288605
0.9911927580833435,0.12617667019367218
0.9340988993644714,0.10814354568719864
0.8473575711250305,0.2830837070941925
0.8412039875984192,0.5065824389457703
0.8793089389801025,0.3835807144641876
0.961521327495575,0.14504025876522064
0.692074716091156,0.29975447058677673
0.8992428183555603,0.21419161558151245
0.8793089389801025,0.3835807144641876
0.3065703511238098,0.6907203197479248
0.9614341259002686,0.12175171822309494
0.8651609420776367,0.5588150024414062
0.8992428183555603,0.21419161558151245
0.9565121531486511,0.2579177916049957
0.5832667946815491,0.35237401723861694
0.750137448310852,0.26550522446632385
0.9472762942314148,0.23034833371639252
0.9537814259529114,0.13828058540821075
0.9484453201293945,0.22919458150863647
0.9328506588935852,0.3474138677120209
0.9198734164237976,0.20228295028209686
0.5895980000495911,0.41384848952293396
0.89788419008255,0.41046106815338135
0.9035868048667908,0.19400355219841003
0.9171995520591736,0.25907158851623535
0.4493694603443146,0.47975149750709534
0.7128866314888,0.2945121228694916
0.9072579741477966,0.20690792798995972
0.9023258090019226,0.5127763748168945
0.9120867848396301,0.3489556610584259
0.7132232189178467,0.34853601455688477
0.5601404905319214,0.5484178066253662
0.56235671043396,0.44031602144241333
0.9472762942314148,0.23034833371639252
0.9853115081787109,0.28781625628471375
0.3638256788253784,0.2789308726787567
0.6872107982635498,0.25528934597969055
0.9610388278961182,0.14880187809467316
0.88431715965271,0.14418324828147888
0.7785778045654297,0.30942222476005554
0.7923106551170349,0.2549839913845062
0.7852667570114136,0.7253044843673706
0.8115065097808838,0.3931165337562561
0.6511300206184387,0.38132724165916443
0.8295417428016663,0.2660207450389862
0.8992428183555603,0.21419161558151245
0.36936601996421814,0.5577641129493713
0.8777243494987488,0.22774642705917358
0.3320154845714569,0.5300182700157166
0.8989405035972595,0.47649335861206055
0.9272865653038025,0.2953818738460541
0.2715509831905365,0.3983335494995117
0.9597153663635254,0.5244901180267334
0.9743320345878601,0.09236585348844528
0.31325384974479675,0.5312413573265076
0.9120867848396301,0.3489556610584259
0.634617805480957,0.4720875322818756
0.922987699508667,0.19811274111270905
0.29823145270347595,0.3287491202354431
0.8360614776611328,0.24530033767223358
