0.398777574300766,0.5482667088508606
0.2811363637447357,0.5943686366081238
0.45629680156707764,0.5380611419677734
0.30106833577156067,0.4518135190010071
0.2909320592880249,0.4384675621986389
0.22931265830993652,0.4457320272922516
0.46967393159866333,0.3849523067474365
0.3183583617210388,0.6218733191490173
0.4122636914253235,0.447748064994812
0.30656400322914124,0.5317174792289734
0.31807848811149597,0.5035837292671204
0.46202582120895386,0.3240066468715668
0.2300930917263031,0.45997855067253113
0.5002331733703613,0.35177382826805115
0.28870561718940735,0.4402701258659363
0.4088946580886841,0.3979654312133789
0.5387847423553467,0.49328526854515076
0.3902680575847626,0.29705339670181274
0.2938922643661499,0.5311704874038696
0.434604287147522,0.41383257508277893
0.2612406313419342,0.485243022441864
0.21862651407718658,0.7023147344589233
0.44519132375717163,0.36041516065597534
0.5786880850791931,0.465107262134552
0.22206521034240723,0.6111422181129456
0.20725107192993164,0.5133170485496521
0.3684581220149994,0.3973982036113739
0.24856433272361755,0.6457142233848572
0.5255076885223389,0.24975241720676422
0.5089756846427917,0.5188395380973816
0.27423906326293945,0.6160112023353577
0.38835370540618896,0.7097166180610657
0.3161865770816803,0.4384285509586334
0.2656424641609192,0.6467674970626831
0.40262797474861145,0.2662978768348694
0.23577935993671417,0.491153359413147
0.19680112600326538,0.6148872375488281
0.40608885884284973,0.3842359781265259
0.29752621054649353,0.4524884521961212
0.34156933426856995,0.46854886412620544
0.3551895320415497,0.7591086030006409
0.4592505991458893,0.4471033811569214
0.45681652426719666,0.5112887620925903
0.2852381765842438,0.5951663851737976
0.19261543452739716,0.602380096912384
0.474073201417923,0.4776977002620697
0.3116574287414551,0.38975244760513306
0.3494766354560852,0.538577139377594
0.4243102967739105,0.4211210012435913
0.48891860246658325,0.6963640451431274
0.2399805337190628,0.5398865938186646
0.372779905796051,0.753764271736145
0.21400143206119537,0.7687550783157349
0.4952428638935089,0.30135807394981384
0.35362696647644043,0.45897355675697327
0.46616315841674805,0.6040769815444946
0.2680487334728241,0.30521416664123535
0.6517074108123779,0.29111364483833313
0.2522517442703247,0.5390421152114868
0.4008849561214447,0.4408815801143646
0.4821457266807556,0.5730213522911072
0.3976922333240509,0.8033626079559326
0.42362406849861145,0.43209725618362427
0.28167617321014404,0.6348839998245239
0.49028298258781433,0.48695242404937744
0.5592896938323975,0.3421505093574524
0.3262178599834442,0.4850490093231201
0.3718964159488678,0.5055981874465942
0.45134028792381287,0.3749220073223114
0.3975754678249359,0.5409576296806335
0.37155595421791077,0.5160382390022278
0.35400500893592834,0.4998917579650879
0.1331520825624466,0.6935291886329651
0.30658650398254395,0.6591097116470337
0.2876166105270386,0.48374655842781067
0.20409700274467468,0.6757439374923706
0.653659462928772,0.5488458871841431
0.2525726854801178,0.5689250826835632
0.20546264946460724,0.5567067265510559
0.2716636657714844,0.5739742517471313
0.47824975848197937,0.3565160930156708
0.20086261630058289,0.6511453986167908
0.27270376682281494,0.5118396282196045
0.14282691478729248,0.89494788646698
0.13025090098381042,0.5922596454620361
0.3045392334461212,0.5638171434402466
0.24114768207073212,0.7289777398109436
0.22119474411010742,0.39773333072662354
0.5292224884033203,0.27199310064315796
0.5479462742805481,0.40414297580718994
0.3285099267959595,0.5922003984451294
0.24245886504650116,0.5040350556373596
0.2668333649635315,0.4386371672153473
0.41998520493507385,0.31013917922973633
0.235922172665596,0.5950057506561279
0.3783673942089081,0.3519672751426697
0.33683377504348755,0.4453222155570984
0.2957245111465454,0.4421079754829407
0.511122465133667,0.4626285135746002
0.2966790497303009,0.37863025069236755
0.5642887353897095,0.4971334636211395
0.36369040608406067,0.5465700626373291
0.3707819879055023,0.4066610336303711
0.3811318278312683,0.76244056224823
0.39220285415649414,0.549382746219635
0.1893317699432373,0.7075663805007935
0.23265278339385986,0.6136555075645447
0.4292701780796051,0.3159101903438568
0.5359985828399658,0.3427400588989258
0.39421895146369934,0.6232829093933105
0.560236930847168,0.39271315932273865
0.24579088389873505,0.4810084104537964
0.5115029215812683,0.5305681824684143
0.5050173997879028,0.5849908590316772
0.432809442281723,0.4785511791706085
0.46055373549461365,0.34700807929039
0.187347874045372,0.8476403951644897
0.4777456820011139,0.3448733985424042
0.4935636520385742,0.8058567643165588
0.38867583870887756,0.47831079363822937
0.3474331200122833,0.43590888381004333
0.2933334708213806,0.5207820534706116
0.35847875475883484,0.47780323028564453
0.46484777331352234,0.6099461913108826
0.09803550690412521,0.7887091040611267
0.6504189968109131,0.3805595636367798
0.552187979221344,0.22656099498271942
0.40120330452919006,0.3323650360107422
0.4132359027862549,0.38301658630371094
0.2676376402378082,0.5239525437355042
0.3527051508426666,0.4332793056964874
0.2358718067407608,0.5333282947540283
0.38661301136016846,0.3190706670284271
0.3304024934768677,0.6539793610572815
0.24982722103595734,0.7115594744682312
0.32417625188827515,0.6848530173301697
0.34412986040115356,0.41727712750434875
0.4167643189430237,0.49145999550819397
0.26954904198646545,0.41760799288749695
0.3982452154159546,0.5953117609024048
0.29885202646255493,0.517732560634613
0.354831337928772,0.4965437650680542
0.383983850479126,0.3613967001438141
0.3337520956993103,0.49035483598709106
0.24009428918361664,0.6870466470718384
0.5599893927574158,0.352467805147171
0.2832622528076172,0.7584591507911682
0.45103955268859863,0.3378028869628906
0.1667679101228714,0.8331539630889893
0.36638563871383667,0.523992121219635
0.5026419758796692,0.5464917421340942
0.40546730160713196,0.26552098989486694
0.3395094871520996,0.7081905007362366
0.49026986956596375,0.5214501619338989
0.3144422769546509,0.4630262851715088
0.42612650990486145,0.41647854447364807
0.30329766869544983,0.5829641222953796
0.20184122025966644,0.5803907513618469
0.33693021535873413,0.37364625930786133
0.624131977558136,0.3038831949234009
0.2606848180294037,0.42353540658950806
0.27432364225387573,0.5766372084617615
0.25182706117630005,0.39084476232528687
0.331624835729599,0.5416181683540344
0.4481433033943176,0.43841519951820374
0.4087710678577423,0.3933289647102356
0.15619683265686035,0.4272499084472656
0.2695271670818329,0.42730647325515747
0.5436724424362183,0.7547327280044556
0.43903040885925293,0.38662272691726685
0.45113182067871094,0.5135553479194641
0.26508021354675293,0.3594726622104645
0.6546323299407959,0.30978769063949585
0.2881768047809601,0.2514478862285614
0.18009698390960693,0.5124163627624512
0.33696436882019043,0.45029887557029724
0.806340754032135,0.8389165997505188
0.4149433672428131,0.31763848662376404
0.3474727272987366,0.48214346170425415
0.2227819859981537,0.6347701549530029
0.4483363628387451,0.513241171836853
0.35348471999168396,0.2172142118215561
0.1798303723335266,0.5794389247894287
0.3072350323200226,0.5351930856704712
0.24121113121509552,0.5432140827178955
0.3823739290237427,0.38565120100975037
0.3298167288303375,0.24336467683315277
0.2237331122159958,0.6370078325271606
0.2645926773548126,0.4274900257587433
0.38694944977760315,0.5865755677223206
0.33431437611579895,0.40585270524024963
0.32111409306526184,0.41848522424697876
0.6220676302909851,0.36025571823120117
0.35168054699897766,0.3597315847873688
0.44455820322036743,0.45891401171684265
0.4123399555683136,0.3995199501514435
0.5591052174568176,0.5180848240852356
0.3333652913570404,0.2972300946712494
0.32681161165237427,0.5113925933837891
0.3059299886226654,0.7207044959068298
0.33559396862983704,0.2666216492652893
0.4429037272930145,0.6160933971405029
0.4066164493560791,0.4667353630065918
0.30201101303100586,0.4877834916114807
0.3858047425746918,0.5276997685432434
0.2649504244327545,0.4694366753101349
0.5439597368240356,0.3261502981185913
0.34269148111343384,0.3562275469303131
0.5234718322753906,0.37629738450050354
0.5174111723899841,0.46516871452331543
0.17780809104442596,0.8270102143287659
0.2785075604915619,0.6333212852478027
0.6046863198280334,0.2893464267253876
0.2163136899471283,0.4885918200016022
0.25182387232780457,0.767752468585968
0.6385211944580078,0.5056518316268921
0.22464153170585632,0.3733583092689514
0.41290658712387085,0.4912548065185547
0.647905170917511,0.2633223235607147
0.17989449203014374,0.5780031681060791
0.3521758019924164,0.48753517866134644
0.2843991219997406,0.3630056381225586
0.5077411532402039,0.8781139850616455
0.2703685760498047,0.5055885910987854
0.338979572057724,0.41743677854537964
0.3989662230014801,0.5552629232406616
0.38613077998161316,0.4611528515815735
0.39606398344039917,0.4493662118911743
0.6093502640724182,0.4176420569419861
0.2759195566177368,0.5673589706420898
0.1977815479040146,0.45914873480796814
0.49185094237327576,0.5000419020652771
0.4207594692707062,0.3946145176887512
0.553656816482544,0.576301097869873
0.4288792908191681,0.5071550607681274
0.3074311316013336,0.3491016626358032
0.2870691120624542,0.6562901139259338
0.27875030040740967,0.41001805663108826
0.5028463006019592,0.6145392060279846
0.23685777187347412,0.5179346203804016
0.33133459091186523,0.4757729172706604
0.38001880049705505,0.513325572013855
0.3221852779388428,0.6377628445625305
0.20755912363529205,0.5748043060302734
0.534059464931488,0.24432410299777985
0.38979822397232056,0.3577654957771301
0.3201987147331238,0.5688206553459167
0.3800319731235504,0.3759361803531647
0.3456459045410156,0.3618411421775818
0.3435875475406647,0.3724498748779297
0.4439927935600281,0.35341012477874756
0.32740652561187744,0.3314150273799896
0.2733080983161926,0.5807924866676331
0.2112760692834854,0.5410028696060181
0.35401222109794617,0.5526849031448364
0.44542840123176575,0.40799203515052795
0.35011160373687744,0.404975563287735
0.3167002201080322,0.531361997127533
0.2981799840927124,0.3994784653186798
0.5384438633918762,0.5663303732872009
0.4135451316833496,0.44700029492378235
0.1474553793668747,0.5564936399459839
0.2601173222064972,0.4224345088005066
0.45976051688194275,0.66055828332901
0.30838072299957275,0.5104103088378906
0.4200976490974426,0.2850021421909332
0.17061984539031982,0.6569896340370178
0.4437839090824127,0.3437456786632538
0.3979964256286621,0.6676042079925537
0.3131988048553467,0.3873704671859741
0.27887552976608276,0.5247019529342651
0.3175578713417053,0.5254653096199036
0.38395342230796814,0.29163962602615356
0.29356345534324646,0.5421188473701477
0.317238450050354,0.33092713356018066
0.36750245094299316,0.5479227900505066
0.34847164154052734,0.6467339992523193
0.24131488800048828,0.6476970314979553
0.3207018971443176,0.39457380771636963
0.2136783003807068,0.6677764654159546
0.35176005959510803,0.4658251106739044
0.3059608042240143,0.33579355478286743
0.15537671744823456,0.753620445728302
0.3534611463546753,0.5269801020622253
0.6000397801399231,0.3045026957988739
0.33146291971206665,0.4123894274234772
0.3490845561027527,0.36618825793266296
0.6890227794647217,0.5544660091400146
0.23959490656852722,0.7776526808738708
0.3140864372253418,0.5906293392181396
0.365475058555603,0.3483552038669586
0.4054754376411438,0.7360122203826904
0.4162319004535675,0.3121717572212219
0.3522752821445465,0.5965756177902222
0.3420215845108032,0.5343102812767029
0.19603489339351654,0.5721226930618286
0.5266318917274475,0.3656908869743347
0.2617059648036957,0.5881827473640442
0.611628532409668,0.6880939602851868
0.5299652814865112,0.4538668394088745
0.37255385518074036,0.6710922122001648
0.24204576015472412,0.43359673023223877
0.23097354173660278,0.620305597782135
0.3854311406612396,0.6405124068260193
0.4685642421245575,0.4021848440170288
0.3375318646430969,0.558987557888031
0.30358901619911194,0.5228596925735474
0.4597512483596802,0.42585858702659607
0.44150736927986145,0.5772322416305542
0.5665411949157715,0.33650559186935425
0.30838364362716675,0.5223026871681213
0.1992195099592209,0.853227972984314
0.3011721074581146,0.5364171862602234
0.33380141854286194,0.20446841418743134
0.2626590132713318,0.4164063632488251
0.6772313714027405,0.4876645505428314
0.5697124004364014,0.42161470651626587
0.32278063893318176,0.5610039830207825
0.575494110584259,0.3918778896331787
0.3977002501487732,0.23810617625713348
0.30305448174476624,0.645541787147522
0.38306665420532227,0.8088864088058472
0.2731941342353821,0.6678140759468079
0.3155064582824707,0.6252963542938232
0.2929293215274811,0.7178893685340881
0.388182669878006,0.5528014302253723
0.5154946446418762,0.5382193326950073
0.1960897147655487,0.3896658420562744
0.29198428988456726,0.5265429019927979
0.3220207691192627,0.5438470244407654
0.5707728266716003,0.3246993124485016
0.3830263316631317,0.45821622014045715
0.5078175067901611,0.5086290240287781
0.4445561468601227,0.28626930713653564
0.27078473567962646,0.4265364706516266
0.2440500259399414,0.738939106464386
0.3149820864200592,0.4874144196510315
0.42282530665397644,0.5083734393119812
0.3216046988964081,0.5318523645401001
0.24421943724155426,0.3380754590034485
0.2663596272468567,0.6095686554908752
0.26865527033805847,0.8588553667068481
0.30235055088996887,0.3179560899734497
0.24194639921188354,0.32169845700263977
0.32063788175582886,0.3358105719089508
0.5008137822151184,0.38023900985717773
0.20400358736515045,0.711237370967865
0.26169297099113464,0.5255144238471985
0.34030410647392273,0.48686036467552185
0.3107956349849701,0.43503475189208984
0.3671766519546509,0.39792901277542114
0.40085241198539734,0.4393526613712311
0.4151967465877533,0.6913536190986633
0.2586442828178406,0.4133744239807129
0.4045974016189575,0.4496943950653076
0.3780190348625183,0.5030640363693237
0.46638554334640503,0.28767433762550354
0.4046727418899536,0.5338365435600281
0.39418283104896545,0.26870033144950867
0.5602481365203857,0.35507869720458984
0.5673753619194031,0.5124305486679077
0.4673430025577545,0.34798339009284973
0.23882785439491272,0.6291683316230774
0.34957846999168396,0.46073105931282043
0.1991768181324005,0.5967891812324524
0.14357894659042358,0.7892765998840332
0.27972570061683655,0.45280522108078003
0.1815212070941925,0.6502514481544495
0.6591153144836426,0.4672616124153137
0.36431729793548584,0.40486371517181396
0.6672115921974182,0.18548856675624847
0.22999930381774902,0.6841248869895935
0.2750188112258911,0.5140727758407593
0.39581093192100525,0.294725626707077
0.3186761736869812,0.5247106552124023
0.3302633464336395,0.22601163387298584
0.3855162560939789,0.4247628450393677
0.38240912556648254,0.439241498708725
0.3495563864707947,0.5138974189758301
0.2512023448944092,0.5245487093925476
0.1943073570728302,0.650922417640686
0.321926474571228,0.6026351451873779
0.3579326570034027,0.47925490140914917
0.22260543704032898,0.3154386878013611
0.2963969111442566,0.302448034286499
0.2575322091579437,0.42524436116218567
0.5772562026977539,0.3242217004299164
0.5126007199287415,0.5817432999610901
0.2187664657831192,0.7797420024871826
0.18122337758541107,0.8985369801521301
0.3395731747150421,0.5193783044815063
0.5096426010131836,0.5131346583366394
0.48164013028144836,0.3782874643802643
0.28677743673324585,0.5586448907852173
0.2529289424419403,0.34743741154670715
0.3164013624191284,0.6163194179534912
0.5277252197265625,0.479955792427063
0.4661032259464264,0.3183358311653137
0.39573362469673157,0.4264807403087616
0.3904528319835663,0.5284822583198547
0.17992068827152252,0.41083061695098877
0.25445252656936646,0.3642115890979767
0.1844288557767868,0.6076810359954834
0.31633925437927246,0.6025765538215637
0.34268617630004883,0.5102806091308594
0.2500525116920471,0.6783275604248047
0.40795111656188965,0.6717191338539124
0.2939862608909607,0.3396659791469574
0.3539319634437561,0.4511999189853668
0.40859487652778625,0.2692611813545227
0.2759072184562683,0.4699345827102661
0.2582791745662689,0.4100576937198639
0.12312266230583191,0.6065142154693604
0.363672137260437,0.5919718742370605
0.5495665073394775,0.41417884826660156
0.2254103422164917,0.7218096852302551
0.2693552076816559,0.39679840207099915
0.48196983337402344,0.3994671702384949
0.3421474099159241,0.28489136695861816
0.38968563079833984,0.323713481426239
0.5687867403030396,0.46092745661735535
0.41133537888526917,0.3965601921081543
0.23853318393230438,0.3859235644340515
0.17686045169830322,0.627099871635437
0.31836044788360596,0.5910302996635437
0.312747597694397,0.464458703994751
0.4980316162109375,0.6844246983528137
0.1603146493434906,0.7689990997314453
0.34302687644958496,0.4489106237888336
0.3252185583114624,0.38590699434280396
0.37242984771728516,0.5758537650108337
0.24469368159770966,0.3625467121601105
0.3145884871482849,0.44228529930114746
0.6259282827377319,0.3353995680809021
0.34590476751327515,0.38342031836509705
0.24168266355991364,0.4331130385398865
0.39889007806777954,0.3733730614185333
0.2721666693687439,0.39268046617507935
0.24347904324531555,0.4010253846645355
0.2711096704006195,0.39941826462745667
0.2416636049747467,0.5406151413917542
0.42886948585510254,0.5874420404434204
0.25280553102493286,0.34831738471984863
0.3534080386161804,0.34567025303840637
0.4147641062736511,0.3276086747646332
0.3212381899356842,0.5791295170783997
0.23116323351860046,0.4597468078136444
0.3375202417373657,0.44322142004966736
0.7492716908454895,0.2837429344654083
0.3264249861240387,0.701839029788971
0.41543757915496826,0.6824807524681091
0.5812450051307678,0.44876381754875183
0.338697224855423,0.5005345940589905
0.5524786710739136,0.7433611154556274
0.17838463187217712,0.5358745455741882
0.3766665756702423,0.4038602411746979
0.3821897804737091,0.4276639223098755
0.3277038633823395,0.6105732321739197
0.2618771195411682,0.6115092635154724
0.44575369358062744,0.2946575880050659
0.7006896734237671,0.37886396050453186
0.3865225315093994,0.38719603419303894
0.36059582233428955,0.30862316489219666
0.32174044847488403,0.3851360082626343
0.45255133509635925,0.441510409116745
0.28199052810668945,0.55744469165802
0.38652196526527405,0.43994665145874023
0.1819431334733963,0.7770131230354309
0.2923639118671417,0.5955743789672852
0.27492275834083557,0.595859944820404
0.5003032088279724,0.36697280406951904
0.549597442150116,0.42526480555534363
0.5031293034553528,0.3751368820667267
0.2953680157661438,0.3802994191646576
0.21713322401046753,0.7141375541687012
0.29236194491386414,0.47510388493537903
0.5105742812156677,0.323845773935318
0.3025015592575073,0.7169854044914246
0.36032187938690186,0.6340134739875793
0.26923805475234985,0.389983206987381
0.4310895502567291,0.4195491373538971
0.20186957716941833,0.6572665572166443
0.24373094737529755,0.3772325813770294
0.4059607684612274,0.449018269777298
0.49303263425827026,0.5035698413848877
0.4652908146381378,0.5313425064086914
0.33311891555786133,0.5468062162399292
0.2908761203289032,0.4653540849685669
0.1326860934495926,0.5736492276191711
0.21348893642425537,0.490686297416687
0.4728461503982544,0.3667011260986328
0.2838481068611145,0.6129447817802429
0.29173457622528076,0.530180811882019
0.48938465118408203,0.814113438129425
0.24479970335960388,0.6876944899559021
0.29199111461639404,0.32174745202064514
0.36578255891799927,0.679442822933197
0.2758715748786926,0.5482636094093323
0.3770557641983032,0.5301228165626526
0.2933461666107178,0.5915150046348572
0.354625940322876,0.47844991087913513
0.46286317706108093,0.5057561993598938
0.31359586119651794,0.5263417959213257
0.2623131573200226,0.4393438696861267
0.584142804145813,0.23715949058532715
0.5262386202812195,0.5413246154785156
0.3958790600299835,0.2943262457847595
0.3311766982078552,0.5433152914047241
0.2826235592365265,0.4826863408088684
0.44908392429351807,0.5633561611175537
0.2306279093027115,0.7521694302558899
0.5480011105537415,0.3281579911708832
0.31946611404418945,0.39692118763923645
0.4366869330406189,0.2952811121940613
0.5117567181587219,0.35946688055992126
0.5536093711853027,0.671888530254364
0.5661101341247559,0.6770963668823242
0.17876258492469788,0.6130020618438721
0.31557497382164,0.5188795328140259
0.2987560033798218,0.5696506500244141
0.3884386420249939,0.6755874752998352
0.20952188968658447,0.6917928457260132
0.2185419797897339,0.3046109676361084
0.44783636927604675,0.40543118119239807
0.23385392129421234,0.619901716709137
0.24209627509117126,0.6737236976623535
0.5272396206855774,0.37088853120803833
0.283133864402771,0.6374320983886719
0.27667534351348877,0.5493836402893066
0.2665688097476959,0.34450098872184753
0.28819185495376587,0.3779066503047943
0.2576819360256195,0.5255251526832581
0.350957453250885,0.4270426034927368
0.3867630064487457,0.23156513273715973
0.27059537172317505,0.4866676330566406
0.2954288721084595,0.42959755659103394
0.28734320402145386,0.5024624466896057
0.28181326389312744,0.5146155953407288
0.19563992321491241,0.3950716555118561
0.3602823317050934,0.4217987358570099
0.2402050793170929,0.5987797379493713
0.19085925817489624,0.599399745464325
0.48815062642097473,0.23987756669521332
0.3182027339935303,0.5108761191368103
0.3814714848995209,0.2416842132806778
0.5659024119377136,0.5101208686828613
0.2875795364379883,0.4304695427417755
0.2670513987541199,0.5817027688026428
0.04370469972491264,0.6939898133277893
0.7064929604530334,0.4811154305934906
0.21081799268722534,0.525319516658783
0.3376094102859497,0.44351840019226074
0.2070801556110382,0.7252458333969116
0.299679160118103,0.40538641810417175
0.4341990053653717,0.3341045677661896
0.3913377523422241,0.41333192586898804
0.21692262589931488,0.6427481770515442
0.2001621425151825,0.7150716781616211
0.19785650074481964,0.4410991668701172
0.3147987127304077,0.3879556357860565
0.18374770879745483,0.4407893419265747
0.42429542541503906,0.5462597012519836
0.4152427911758423,0.7208238840103149
0.15654808282852173,0.5250155925750732
0.4474503695964813,0.4271949529647827
0.18332599103450775,0.5041705965995789
0.20514589548110962,0.6607787013053894
0.2716842591762543,0.49911734461784363
0.4135647714138031,0.6408182978630066
0.3575417995452881,0.7091034054756165
0.2930866777896881,0.5336431264877319
0.2110797017812729,0.4799310564994812
0.3272140324115753,0.5396566390991211
0.23990775644779205,0.35105445981025696
0.5120346546173096,0.4668239653110504
0.6630740165710449,0.33164191246032715
0.29922062158584595,0.7679958343505859
0.659091055393219,0.3040141761302948
0.586673378944397,0.49610620737075806
0.1697382628917694,0.5585340857505798
0.4301133453845978,0.4819466173648834
0.25335028767585754,0.40460553765296936
0.4045824110507965,0.5406887531280518
0.34681203961372375,0.23421546816825867
0.22201348841190338,0.6776378750801086
0.3256189525127411,0.6494921445846558
0.21062758564949036,0.655612051486969
0.32959386706352234,0.4803875684738159
0.42252686619758606,0.5307915806770325
0.2654029130935669,0.5542099475860596
0.39572873711586,0.3500024378299713
0.37448325753211975,0.46758103370666504
0.29917848110198975,0.6820017695426941
0.29298141598701477,0.618301272392273
0.3710193932056427,0.7872241735458374
0.41674715280532837,0.2710548937320709
0.4644961655139923,0.3249272108078003
0.1684521734714508,0.4741779565811157
0.25000646710395813,0.6295015811920166
0.32867562770843506,0.4562784731388092
0.31988129019737244,0.5480337738990784
0.3795740008354187,0.29575949907302856
0.21620625257492065,0.5286571383476257
0.461453914642334,0.3536216616630554
0.44515225291252136,0.5411872863769531
0.2034246027469635,0.8762219548225403
0.2592979967594147,0.5961634516716003
0.14127472043037415,0.5444617867469788
0.3100254535675049,0.6508493423461914
0.30504074692726135,0.39748793840408325
0.41068387031555176,0.6695964932441711
0.23934580385684967,0.6265899538993835
0.40880244970321655,0.46629270911216736
0.3191734552383423,0.6125227212905884
0.15135321021080017,0.8582616448402405
0.41792958974838257,0.5258902311325073
0.30752748250961304,0.6720659136772156
0.249397411942482,0.7316448092460632
0.5366302728652954,0.4982384145259857
0.523280143737793,0.6897891759872437
0.4167231023311615,0.8155884742736816
0.352443128824234,0.5383966565132141
0.46927815675735474,0.3808472752571106
0.297611266374588,0.7156400084495544
0.3122784197330475,0.5500745177268982
0.22113187611103058,0.4129113554954529
0.2347050905227661,0.47503817081451416
0.3670342266559601,0.7378535270690918
0.3078235983848572,0.22025151550769806
0.39075958728790283,0.3946590721607208
0.256133496761322,0.538422167301178
0.2850452959537506,0.5406704545021057
0.24498669803142548,0.33543404936790466
0.43559321761131287,0.4987025856971741
0.2195410430431366,0.5325248837471008
0.4495311975479126,0.5165901184082031
0.3130505681037903,0.6543231010437012
0.427726149559021,0.5664689540863037
0.23203156888484955,0.672515332698822
0.3473540246486664,0.6535575985908508
0.3539420962333679,0.30790722370147705
0.47943976521492004,0.46193504333496094
0.5168242454528809,0.29863375425338745
0.32587116956710815,0.5912491083145142
0.7475467920303345,0.3179020881652832
0.2241857647895813,0.6476513147354126
0.22959783673286438,0.4570291042327881
0.11164809763431549,0.3890300989151001
0.4720873236656189,0.47744110226631165
0.4791184067726135,0.7241240739822388
0.35491761565208435,0.2098245769739151
0.20190367102622986,0.6173296570777893
0.5391252636909485,0.5471562743186951
0.39781302213668823,0.33702564239501953
0.13079212605953217,0.7930666208267212
0.47999873757362366,0.48547470569610596
0.3386990427970886,0.7511866688728333
0.32235613465309143,0.5420970916748047
0.20121009647846222,0.5462650656700134
0.2445656955242157,0.5607145428657532
0.5039228200912476,0.7307586073875427
0.27826598286628723,0.49803999066352844
0.4799386262893677,0.6882596611976624
0.5025433301925659,0.5178610682487488
0.6098587512969971,0.3559131920337677
0.22508969902992249,0.49468326568603516
0.4750801920890808,0.5591021180152893
0.52994704246521,0.6869279742240906
0.3566914200782776,0.5509046316146851
0.361470490694046,0.6047855615615845
0.1947610080242157,0.5765372514724731
0.33125391602516174,0.5366445183753967
0.4132457375526428,0.6293559670448303
0.2888605296611786,0.42971789836883545
0.4982178509235382,0.4673369824886322
0.4965837597846985,0.4728640615940094
0.3479465842247009,0.46116647124290466
0.38916584849357605,0.5042963027954102
0.47981467843055725,0.6303654313087463
0.38076719641685486,0.4096207022666931
0.7076942324638367,0.39740821719169617
0.6765536069869995,0.30294284224510193
0.5160463452339172,0.5068041682243347
0.24305085837841034,0.5214949250221252
0.28907063603401184,0.4748634099960327
0.16139186918735504,0.6014118194580078
0.337676078081131,0.44381943345069885
0.3124566078186035,0.5872739553451538
0.29765141010284424,0.3057805895805359
0.31702959537506104,0.6323598623275757
0.6064248085021973,0.33528923988342285
0.2536737620830536,0.6610519886016846
0.5672279596328735,0.3684520721435547
0.37351158261299133,0.5338987112045288
0.4563598930835724,0.44035208225250244
0.29446011781692505,0.595183789730072
0.47703996300697327,0.36929500102996826
0.49367237091064453,0.5223109126091003
0.3628977835178375,0.29725581407546997
0.2648516893386841,0.47650662064552307
0.25464996695518494,0.5867282152175903
0.40920448303222656,0.4287780821323395
0.28233563899993896,0.568016767501831
0.45359882712364197,0.4053817093372345
0.26957863569259644,0.416942298412323
0.27592653036117554,0.5792175531387329
0.1807936429977417,0.36495497822761536
0.49626606702804565,0.3655669093132019
0.29442092776298523,0.6045335531234741
0.4151149392127991,0.6455609202384949
0.24215315282344818,0.5009057521820068
0.30512183904647827,0.4965335726737976
0.42864862084388733,0.38598713278770447
0.3630191385746002,0.5669678449630737
0.4114111363887787,0.4439588189125061
0.3631289005279541,0.6013488173484802
0.5057156085968018,0.30065155029296875
0.3536818027496338,0.45936810970306396
0.34235379099845886,0.41687795519828796
0.2693403959274292,0.7153624892234802
0.39777281880378723,0.5390124320983887
0.30795904994010925,0.44788938760757446
0.3530957102775574,0.5623988509178162
0.36656156182289124,0.7548045516014099
0.3440404534339905,0.6024603843688965
0.3274388015270233,0.4031391143798828
0.2560013234615326,0.5783697366714478
0.19312459230422974,0.6170282959938049
0.3495054244995117,0.694757878780365
0.5394099950790405,0.6416836977005005
0.12359780818223953,0.5836904644966125
0.42584341764450073,0.5051173567771912
0.31358063220977783,0.3813144862651825
0.44201013445854187,0.4627063572406769
0.34633877873420715,0.47212284803390503
0.3873177766799927,0.4353545606136322
0.7042258977890015,0.3254881203174591
0.3926401734352112,0.23815582692623138
0.22274747490882874,0.5132647156715393
0.5435669422149658,0.3678699731826782
0.22281448543071747,0.42686334252357483
0.4198227524757385,0.42101484537124634
0.3969481885433197,0.63126140832901
0.3032692074775696,0.6089223027229309
0.32674238085746765,0.31249871850013733
0.3701724708080292,0.5818662047386169
0.3137873709201813,0.6184574365615845
0.43643319606781006,0.4737280607223511
0.39429935812950134,0.5782912969589233
0.379668653011322,0.4397598206996918
0.2990378439426422,0.4435283839702606
0.4675677418708801,0.4669933021068573
0.15090784430503845,0.6312389969825745
0.3239006996154785,0.5237069129943848
0.3860715925693512,0.6319055557250977
0.25036394596099854,0.7417889833450317
0.1956588476896286,0.44365814328193665
0.4637660086154938,0.3123548924922943
0.4478749930858612,0.37194353342056274
0.5408881306648254,0.3178883194923401
0.5869115591049194,0.24615304172039032
0.29095789790153503,0.5579538345336914
0.20703288912773132,0.5224833488464355
0.6031389236450195,0.43324026465415955
0.50380939245224,0.3887687623500824
0.2586497962474823,0.4765006899833679
0.5289825201034546,0.48690634965896606
0.281534880399704,0.4299142360687256
0.4543415904045105,0.6709727644920349
0.6064843535423279,0.8729652762413025
0.6489753723144531,0.5870674252510071
0.2684532105922699,0.6491596102714539
0.4001269042491913,0.5180366039276123
0.45884671807289124,0.6068035960197449
0.46270567178726196,0.5177284479141235
0.4610133171081543,0.5803718566894531
0.41297563910484314,0.36782535910606384
0.23550771176815033,0.5322566628456116
0.29256346821784973,0.35757526755332947
0.2973688244819641,0.41541680693626404
0.29811370372772217,0.5650690793991089
0.40549856424331665,0.443718284368515
0.2858457565307617,0.4738664925098419
0.21502643823623657,0.5712975859642029
0.23252590000629425,0.8857900500297546
0.12503686547279358,0.6814462542533875
0.28384682536125183,0.4611075818538666
0.2557160258293152,0.4459189176559448
0.2735561728477478,0.37659308314323425
0.3881154954433441,0.583611786365509
0.41933995485305786,0.4315965473651886
0.49424320459365845,0.4191439151763916
0.1606433093547821,0.49402955174446106
0.21334117650985718,0.5052261352539062
0.5525237321853638,0.3259797990322113
0.20606505870819092,0.4438769221305847
0.4794973134994507,0.611525297164917
0.535883367061615,0.328010618686676
0.5538247227668762,0.6703438758850098
0.25298282504081726,0.607801079750061
0.28735989332199097,0.36451300978660583
0.2705875039100647,0.4684949219226837
0.639525830745697,0.41777119040489197
0.4176342785358429,0.4435838460922241
0.1639644205570221,0.4686645567417145
0.40592172741889954,0.41515040397644043
0.24000266194343567,0.4937018156051636
0.25898128747940063,0.6470579504966736
0.5071903467178345,0.44989362359046936
0.21509495377540588,0.6250102519989014
0.37509387731552124,0.3990035355091095
0.44633063673973083,0.4463140070438385
0.4076721966266632,0.661838173866272
0.420428991317749,0.32883933186531067
0.266189306974411,0.44525331258773804
0.25763168931007385,0.6222847104072571
0.2370346635580063,0.5497852563858032
0.3478771150112152,0.5412090420722961
0.3133372366428375,0.36643388867378235
0.4742499887943268,0.29519885778427124
0.3490177094936371,0.5631734132766724
0.3650173842906952,0.3956080377101898
0.26895418763160706,0.3277127146720886
0.44076502323150635,0.49761727452278137
0.2662782371044159,0.6638019680976868
0.38961881399154663,0.32634997367858887
0.41341912746429443,0.3964431583881378
0.21501612663269043,0.3628501892089844
0.2676492929458618,0.6926991939544678
0.20244772732257843,0.5200027823448181
0.6165956258773804,0.4094899892807007
0.34695732593536377,0.3970002233982086
0.26456624269485474,0.5188618302345276
0.20104533433914185,0.72270667552948
0.3087110221385956,0.5810227394104004
0.1694454550743103,0.823925256729126
0.27897030115127563,0.472414493560791
0.3530976176261902,0.3898828625679016
0.2636542022228241,0.37351998686790466
0.5067327618598938,0.5279890298843384
0.35610875487327576,0.4628600776195526
0.1934010088443756,0.7382895350456238
0.5592256188392639,0.23018909990787506
0.4030601680278778,0.4241352081298828
0.2746192514896393,0.6601591110229492
0.2899836599826813,0.5708287358283997
0.43540024757385254,0.5092843770980835
0.3504997491836548,0.3344428837299347
0.3306417465209961,0.5041490793228149
0.27727532386779785,0.6612587571144104
0.36714592576026917,0.5200058817863464
0.5377545952796936,0.3828686475753784
0.23848403990268707,0.44833096861839294
0.3816204071044922,0.38934144377708435
0.40258538722991943,0.4646017551422119
0.6631823182106018,0.5130704641342163
0.5513501763343811,0.5134409070014954
0.4189808964729309,0.33141079545021057
0.31210798025131226,0.5408806800842285
0.37695232033729553,0.45358964800834656
0.4031239151954651,0.4495449960231781
0.5133591890335083,0.3023136556148529
0.3219057619571686,0.317846417427063
0.33748456835746765,0.572081446647644
0.18334253132343292,0.7385825514793396
0.31898781657218933,0.42221754789352417
0.3308714032173157,0.5522399544715881
0.4477646052837372,0.581030011177063
0.2906378209590912,0.6119312644004822
0.3150705099105835,0.3740180730819702
0.3187043368816376,0.44365495443344116
0.6517636775970459,0.4639597237110138
0.38306987285614014,0.4597770869731903
0.3247019350528717,0.5347445011138916
0.3698350489139557,0.48848170042037964
0.8820083141326904,0.46980345249176025
0.29063957929611206,0.47843772172927856
0.318284273147583,0.4994392693042755
0.3897019624710083,0.45670798420906067
0.5655699968338013,0.5566788911819458
0.1792207807302475,0.7172116637229919
0.4025430679321289,0.6500330567359924
0.44368085265159607,0.4253884553909302
0.49611786007881165,0.7677307724952698
0.2192193865776062,0.6361839771270752
0.3996412456035614,0.5350337028503418
0.40287575125694275,0.5498454570770264
0.4040416479110718,0.4400845766067505
0.4591652750968933,0.43559345602989197
0.37945762276649475,0.257129430770874
0.37935882806777954,0.4608643054962158
0.5191541910171509,0.41290655732154846
0.5522757768630981,0.5707864165306091
0.5573981404304504,0.45537492632865906
0.2122923582792282,0.6930530667304993
0.621260404586792,0.3764045536518097
0.33608269691467285,0.5230773091316223
0.5145284533500671,0.528342604637146
0.36281272768974304,0.5253542065620422
0.2878458499908447,0.6668286323547363
0.401294469833374,0.4193929433822632
0.2073117345571518,0.5081110000610352
0.47278428077697754,0.3815143406391144
0.33542507886886597,0.644189715385437
0.5967423915863037,0.7318005561828613
0.3740086853504181,0.3820524513721466
0.3861856758594513,0.33968737721443176
0.4257795512676239,0.2371957153081894
0.4223213791847229,0.5281062126159668
0.33456355333328247,0.3049283027648926
0.48997971415519714,0.3368762731552124
0.2904215157032013,0.5968930125236511
0.3173285126686096,0.2700401842594147
0.2157793790102005,0.5260871052742004
0.5251476764678955,0.47405412793159485
0.32732003927230835,0.5561928153038025
0.25504055619239807,0.5071103572845459
0.26215317845344543,0.5630761981010437
0.29009518027305603,0.5274666547775269
0.42564669251441956,0.37169259786605835
0.632987916469574,0.37020453810691833
0.36347782611846924,0.49261167645454407
0.37093034386634827,0.4209274351596832
0.2053254395723343,0.4733593761920929
0.2592155635356903,0.6040717363357544
0.45417776703834534,0.353588730096817
0.4358668029308319,0.5083839297294617
0.25078681111335754,0.531261682510376
0.4192739725112915,0.4894058406352997
0.3180466592311859,0.4185498058795929
0.23447775840759277,0.5057135820388794
0.325313001871109,0.48215097188949585
0.3120242953300476,0.4310462474822998
0.4022993743419647,0.5326051712036133
0.3826637268066406,0.5371609926223755
0.3749203681945801,0.6014976501464844
0.3120124340057373,0.5695353150367737
0.3529825806617737,0.3868453800678253
0.4965954124927521,0.416657418012619
0.49888142943382263,0.6714955568313599
0.4570290148258209,0.30900001525878906
0.23804868757724762,0.8604291081428528
0.48944103717803955,0.5435579419136047
0.6050698161125183,0.5149410367012024
0.41601264476776123,0.48223158717155457
0.3339468538761139,0.25690191984176636
0.2251678705215454,0.5150263905525208
0.31720423698425293,0.4892098605632782
0.18513767421245575,0.43211477994918823
0.2892009913921356,0.42086800932884216
0.3867330551147461,0.5258975625038147
0.5343368649482727,0.31525543332099915
0.262137234210968,0.480472594499588
0.47521522641181946,0.4859583079814911
0.18830794095993042,0.5905672907829285
0.47903671860694885,0.38655370473861694
0.18190547823905945,0.6419275403022766
0.5000804662704468,0.42042699456214905
0.20738545060157776,0.5481761693954468
0.47054392099380493,0.48672446608543396
0.3210185170173645,0.4495547413825989
0.3924974799156189,0.4383372366428375
0.292675256729126,0.6057751178741455
0.30530112981796265,0.4234248995780945
0.18212944269180298,0.6701646447181702
0.6464375257492065,0.3193124532699585
0.422717422246933,0.37425535917282104
0.16201463341712952,0.43946728110313416
0.49094638228416443,0.4139645993709564
0.4100017845630646,0.760784387588501
0.3272564113140106,0.4446204900741577
0.3352602422237396,0.3908957242965698
0.3631342351436615,0.5237138867378235
0.33251550793647766,0.42515042424201965
0.24971602857112885,0.503516674041748
0.5953943133354187,0.6179049611091614
0.45213085412979126,0.348626971244812
0.18494337797164917,0.48058459162712097
0.19474737346172333,0.5648742914199829
0.27249109745025635,0.5548201203346252
0.439189612865448,0.48349249362945557
0.540300190448761,0.46188032627105713
0.2912534475326538,0.43368420004844666
0.3918590545654297,0.5985369682312012
0.4407375752925873,0.6940601468086243
0.3231300115585327,0.5788307785987854
0.2108195275068283,0.5340648293495178
0.5676937103271484,0.39769822359085083
0.339512437582016,0.5743478536605835
0.37047362327575684,0.4982530176639557
0.4782792925834656,0.42929571866989136
0.3219270706176758,0.3985186219215393
0.42136871814727783,0.7053718566894531
0.32075780630111694,0.25230923295021057
0.5030441880226135,0.3856114149093628
0.24650004506111145,0.6058145761489868
0.37298035621643066,0.4742783308029175
