1.053489089012146,0.8637017011642456,0.20137448608875275
0.07086195051670074,0.9690793752670288,0.4413895905017853
0.11399590969085693,0.8929944038391113,0.29790300130844116
0.5477402806282043,0.7904729247093201,0.37085437774658203
0.9125939607620239,0.8905736804008484,0.2833896577358246
1.2734589576721191,0.8728371262550354,0.4183572232723236
0.20691990852355957,0.9622818231582642,0.2917240262031555
0.9394708275794983,0.9310753345489502,0.15364158153533936
0.3886762857437134,0.881066083908081,0.24354030191898346
1.202510952949524,0.673449695110321,0.4093342423439026
1.709107518196106,0.7774333953857422,0.3500274121761322
0.14044493436813354,0.776042103767395,0.35762521624565125
0.39770111441612244,0.6989482641220093,0.27654314041137695
1.442982792854309,0.9016111493110657,0.16779422760009766
-0.11453603208065033,0.88431715965271,0.14418324828147888
1.8628627061843872,0.23208141326904297,0.7387576103210449
1.0166666507720947,0.8981160521507263,0.3997502028942108
0.33207833766937256,0.8976511359214783,0.24556781351566315
0.5696337223052979,0.9638002514839172,0.15396681427955627
0.3333108425140381,0.9436286687850952,0.15569059550762177
1.7894316911697388,0.8597079515457153,0.5711653232574463
1.32753586769104,0.8675236105918884,0.5454393029212952
0.8920694589614868,0.876465916633606,0.32802242040634155
1.4412152767181396,0.3012655973434448,0.8070757389068604
-0.154380664229393,0.9661131501197815,0.33621883392333984
1.53350031375885,0.7124826312065125,0.3080771863460541
1.3681734800338745,0.9933510422706604,0.07565130293369293
0.9316104650497437,0.641558051109314,0.470293253660202
1.419503092765808,0.9457162618637085,0.5093185305595398
0.09142491221427917,0.9620653986930847,0.26698192954063416
0.4455929696559906,0.977207362651825,0.09215088188648224
0.44457995891571045,0.5895095467567444,0.26335906982421875
1.860000491142273,0.867531418800354,0.38038936257362366
-0.17325176298618317,0.9295227527618408,0.1653483659029007
2.2339019775390625,0.8979166150093079,0.3248266279697418
2.450688362121582,0.5537011027336121,0.3368277847766876
1.2226495742797852,0.8501029014587402,0.28140464425086975
1.5270309448242188,0.43499454855918884,0.5715256929397583
0.7208928465843201,0.8060637712478638,0.5068665146827698
-0.07378603518009186,0.509040355682373,0.7386475801467896
0.2991791367530823,0.9486792683601379,0.22874371707439423
0.77483069896698,0.836246132850647,0.27622365951538086
1.0281667709350586,0.9156226515769958,0.46452462673187256
1.5374687910079956,0.440206915140152,0.539014458656311
0.4052961766719818,0.7101797461509705,0.445623517036438
1.1325310468673706,0.9409492015838623,0.3485053479671478
0.9528946876525879,0.3044120967388153,0.6754759550094604
1.541876196861267,0.9417521357536316,0.12269879132509232
1.7323269844055176,0.3502466678619385,0.36130306124687195
0.666976809501648,0.9082871675491333,0.2875848114490509
0.47203826904296875,0.9002392888069153,0.1987440437078476
-0.06380505114793777,0.9429130554199219,0.3155350089073181
1.014628529548645,0.6834736466407776,0.5391966104507446
0.8981229662895203,0.4151766002178192,0.36842668056488037
1.0436757802963257,0.8400551676750183,0.40696609020233154
1.7456705570220947,0.5854089260101318,0.3856795132160187
-0.25360777974128723,0.939382016658783,0.09690418839454651
1.5986915826797485,0.5833590030670166,0.5093458294868469
0.25014036893844604,0.5551724433898926,0.3044377565383911
0.5911359190940857,0.9884482026100159,0.17364613711833954
1.0644789934158325,0.5252224206924438,0.5827746987342834
-0.11453603208065033,0.88431715965271,0.14418324828147888
0.05382869392633438,0.5157052874565125,0.49958282709121704
2.610208749771118,0.8891705870628357,0.7440138459205627
1.271267294883728,0.7223905920982361,0.3582032322883606
0.42225250601768494,0.9470956325531006,0.2197270393371582
1.7456705570220947,0.5854089260101318,0.3856795132160187
1.3395602703094482,0.9478479623794556,0.20052966475486755
0.2523772716522217,0.7399709224700928,0.4435332417488098
1.0522571802139282,0.8741794228553772,0.4191059470176697
0.712613046169281,0.878093421459198,0.4035605192184448
0.0811588242650032,0.7231806516647339,0.38614949584007263
1.5278619527816772,0.9558769464492798,0.4122586250305176
1.2962762117385864,0.8699259161949158,0.1378662884235382
1.3688710927963257,0.8473157286643982,0.2733856737613678
1.3476890325546265,0.874584436416626,0.15332943201065063
0.06215296685695648,0.9722012281417847,0.15923112630844116
1.736742615699768,0.9137076139450073,0.36747223138809204
1.9734854698181152,0.22079536318778992,0.7125488519668579
-0.03501945734024048,0.9076165556907654,0.13558706641197205
-0.13987934589385986,0.6701999306678772,0.5217792987823486
2.1517462730407715,0.28577694296836853,0.6353326439857483
0.8141897916793823,0.9295663833618164,0.34646180272102356
1.9686436653137207,0.4913696348667145,0.697668731212616
1.6367124319076538,0.4005279839038849,0.5236822962760925
0.968341588973999,0.8064836859703064,0.34274786710739136
0.6721723079681396,0.5731432437896729,0.195438414812088
0.09334518015384674,0.8383209109306335,0.31050777435302734
2.6628804206848145,0.32025402784347534,0.43379342555999756
1.0654047727584839,0.6001545786857605,0.3260481357574463
0.8399510979652405,0.5932286977767944,0.3663032650947571
1.0165642499923706,0.9317625761032104,0.19676311314105988
0.3729918301105499,0.2705138921737671,0.5657474994659424
0.3384707570075989,0.7669033408164978,0.2859480679035187
1.1627646684646606,0.48404350876808167,0.3031856417655945
1.115065574645996,0.9714097380638123,0.08636177331209183
0.46461424231529236,0.8132416009902954,0.6056222915649414
-0.06380505114793777,0.9429130554199219,0.3155350089073181
0.33014193177223206,0.8661670684814453,0.5187557339668274
-0.06035766005516052,0.5459902286529541,0.5301058888435364
1.850835919380188,0.6179440021514893,0.32345032691955566
-0.11871155351400375,0.5861954092979431,0.5235586762428284
1.106196641921997,0.961083173751831,0.17231352627277374
1.418393611907959,0.8879997730255127,0.7071486115455627
2.3553950786590576,0.23702989518642426,0.6542986035346985
0.5896601676940918,0.8798694014549255,0.3564160168170929
-0.3287152051925659,0.7995719313621521,0.21527636051177979
1.4739583730697632,0.304856538772583,0.6368678212165833
1.6398625373840332,0.42807480692863464,0.5493860244750977
0.1181221604347229,0.7693658471107483,0.21028287708759308
0.1183716356754303,0.6763725876808167,0.3428203761577606
1.0685862302780151,0.1592281609773636,0.8648877143859863
1.2310608625411987,0.9466909766197205,0.09570032358169556
0.7265483736991882,0.6587636470794678,0.24514071643352509
0.98708176612854,0.8080070614814758,0.43624770641326904
0.5987311601638794,0.9174690842628479,0.19464731216430664
0.3759729266166687,0.5075491070747375,0.20145195722579956
0.9352067708969116,0.2290792316198349,0.7153760194778442
1.621942400932312,0.4311874508857727,0.7043359279632568
1.7001540660858154,0.8624561429023743,0.5033958554267883
0.18289890885353088,0.9655790328979492,0.14789021015167236
1.0222595930099487,0.5039095878601074,0.6895183324813843
3.0517988204956055,0.3489092290401459,0.49106138944625854
0.7339978218078613,0.9249852299690247,0.22848741710186005
0.5378106236457825,0.4454682767391205,0.663662314414978
1.5807782411575317,0.3495871126651764,0.4916694164276123
1.8689091205596924,0.44819116592407227,0.20237715542316437
1.271267294883728,0.7223905920982361,0.3582032322883606
1.538214921951294,0.7824370265007019,0.5336194634437561
0.13231465220451355,0.8689365983009338,0.3123072385787964
0.4919559955596924,0.836311399936676,0.33423835039138794
0.9672436714172363,0.9873048663139343,0.1325659602880478
1.4659699201583862,0.4427041709423065,0.5822767019271851
1.621942400932312,0.4311874508857727,0.7043359279632568
0.6253405213356018,0.8586911559104919,0.2262740582227707
2.0578453540802,0.5828307271003723,0.4290454685688019
1.0931671857833862,0.9678683876991272,0.24541999399662018
2.2730839252471924,0.4140130579471588,0.40311041474342346
1.4010626077651978,0.4479188323020935,0.6591010689735413
2.1747426986694336,0.935152530670166,0.25091686844825745
0.07627739757299423,0.5871257185935974,0.39065617322921753
0.171335831284523,0.6936610341072083,0.5197988152503967
2.036942481994629,0.8756698369979858,0.7219382524490356
0.15211647748947144,0.4322740435600281,0.4785114526748657
-0.11453603208065033,0.88431715965271,0.14418324828147888
-0.38643378019332886,0.9787736535072327,0.3249230682849884
1.5849103927612305,0.921683669090271,0.399827241897583
1.6966341733932495,0.6872752904891968,0.49148717522621155
0.6691703796386719,0.7860901951789856,0.27731597423553467
0.8788991570472717,0.7997318506240845,0.22473856806755066
0.82957524061203,0.1760363131761551,0.44041383266448975
0.20813575387001038,0.6024327278137207,0.5696374773979187
-0.1582660675048828,0.9327964782714844,0.2395230382680893
0.7119967937469482,0.8472483158111572,0.37577009201049805
1.3005685806274414,0.31851908564567566,0.6689247488975525
0.23414644598960876,0.16657251119613647,0.4229908585548401
-0.2549283802509308,0.16627691686153412,0.46255457401275635
0.2766530215740204,0.9499530792236328,0.8122444152832031
1.4293678998947144,0.6849393844604492,0.26423972845077515
1.3557604551315308,0.8930322527885437,0.4756743311882019
0.6253405213356018,0.8586911559104919,0.2262740582227707
0.5779622197151184,0.8813014626502991,0.2547079026699066
0.6250191926956177,0.7973065376281738,0.4297134280204773
1.0311851501464844,0.9013290405273438,0.5368144512176514
0.5285621881484985,0.9677146077156067,0.16700758039951324
1.9019495248794556,0.2409142553806305,0.5551403164863586
0.49279922246932983,0.9514978528022766,0.2246532291173935
2.0909767150878906,0.9228720664978027,0.6088756918907166
1.3026820421218872,0.8852258324623108,0.3213661015033722
1.2462027072906494,0.8107283115386963,0.4673793911933899
1.9518218040466309,0.39287933707237244,0.2840103805065155
1.1945058107376099,0.6071516871452332,0.43582606315612793
2.224165201187134,0.8418312668800354,0.28889182209968567
0.41536974906921387,0.9299067854881287,0.28211259841918945
1.641974687576294,0.2744443714618683,0.6139917373657227
1.27945077419281,0.649198591709137,0.34013721346855164
1.9756741523742676,0.8577457070350647,0.4086757302284241
1.0571341514587402,0.8860047459602356,0.48951348662376404
0.610222578048706,0.7848849892616272,0.18798024952411652
2.930288314819336,0.18374796211719513,0.8063324689865112
1.1799777746200562,0.6378145813941956,0.37917977571487427
2.115622043609619,0.2915329039096832,0.6239296197891235
1.1965519189834595,0.39418715238571167,0.6503292322158813
0.9134643077850342,0.5593334436416626,0.47243234515190125
0.06215296685695648,0.9722012281417847,0.15923112630844116
1.2371209859848022,0.42311379313468933,0.5423009991645813
0.7699190378189087,0.11646991223096848,0.7717933058738708
-0.02644837461411953,0.5508533120155334,0.5180161595344543
1.8517769575119019,0.7190797924995422,0.6080338954925537
1.0755127668380737,0.9477783441543579,0.1872546225786209
-0.21814964711666107,0.6467744708061218,0.4043523371219635
0.5375732183456421,0.9219698309898376,0.4238780438899994
0.04420752823352814,0.9099764823913574,0.11668810993432999
-0.13843609392642975,0.9894067645072937,0.07640115916728973
1.559003233909607,0.9291017651557922,0.2319037765264511
0.8135173320770264,0.7196221351623535,0.4099040925502777
1.3567551374435425,0.6338421702384949,0.49160632491111755
2.092714309692383,0.1755024492740631,0.6447249054908752
1.8006969690322876,0.8897091150283813,0.21138370037078857
1.736742615699768,0.9137076139450073,0.36747223138809204
1.8807519674301147,0.7640020251274109,0.5142180919647217
-0.14762161672115326,0.9264715909957886,0.31146058440208435
1.1486910581588745,0.5657873749732971,0.404977947473526
0.7569820880889893,0.9132891297340393,0.44146445393562317
0.6382936239242554,0.7804386615753174,0.5057359337806702
1.2461919784545898,0.9474722743034363,0.5029012560844421
1.538214921951294,0.7824370265007019,0.5336194634437561
0.9171693921089172,0.7109155058860779,0.40824151039123535
-0.10921059548854828,0.5708115100860596,0.4553598463535309
2.093332290649414,0.28738895058631897,0.6488115787506104
0.1808144897222519,0.9037767052650452,0.5061663389205933
1.5167746543884277,0.7611738443374634,0.30138564109802246
1.222477674484253,0.9393712878227234,0.3561858534812927
1.3560677766799927,0.4191487431526184,0.6149646043777466
1.2231508493423462,0.9332462549209595,0.49217963218688965
1.7645624876022339,0.904097855091095,0.24643675982952118
0.6984633803367615,0.8603233098983765,0.32197830080986023
1.0029535293579102,0.883614182472229,0.37268316745758057
-0.02590533159673214,0.7039838433265686,0.21318969130516052
0.6363312602043152,0.9645093679428101,0.153988778591156
1.1652029752731323,0.4295039176940918,0.48350000381469727
0.6427015662193298,0.9655410647392273,0.2203506976366043
0.09555301070213318,0.9455292820930481,0.3054429292678833
-0.26398271322250366,0.9616048336029053,0.16826575994491577
1.044317603111267,0.9442102909088135,0.18161475658416748
0.6953520774841309,0.9159699082374573,0.31496116518974304
1.221793293952942,0.36782029271125793,0.5317927002906799
-0.31289488077163696,0.4393434226512909,0.4101165235042572
0.13773857057094574,0.835622251033783,0.5824918150901794
0.42428886890411377,0.5868574380874634,0.44105932116508484
1.1391080617904663,0.9947092533111572,0.11977294087409973
1.4172064065933228,0.937397301197052,0.2307225465774536
-0.30716466903686523,0.6780211329460144,0.1735645979642868
1.3359688520431519,0.33371299505233765,0.6748173832893372
2.1190109252929688,0.904621958732605,0.2808220684528351
-0.06527343392372131,0.9748215079307556,0.11368992179632187
1.0708197355270386,0.9676105976104736,0.15145522356033325
0.06787808239459991,0.17705708742141724,0.33977434039115906
1.8304942846298218,0.2992011606693268,0.6581737995147705
-0.16653893887996674,0.9305500388145447,0.1697043478488922
0.5872594118118286,0.7337206602096558,0.2141898274421692
0.6068401336669922,0.1670835167169571,0.4863525331020355
-0.0122020673006773,0.8617944717407227,0.32601866126060486
2.2042813301086426,0.43174561858177185,0.4911702871322632
0.41758444905281067,0.3343473970890045,0.5900738835334778
-0.31289488077163696,0.4393434226512909,0.4101165235042572
0.14698687195777893,0.9551494717597961,0.28921881318092346
0.07318770885467529,0.9484846591949463,0.0986645296216011
0.5911359190940857,0.9884482026100159,0.17364613711833954
0.5696337223052979,0.9638002514839172,0.15396681427955627
0.738040566444397,0.8763217329978943,0.673140823841095
0.040254250168800354,0.48529577255249023,0.4539670944213867
0.5390807390213013,0.5271104574203491,0.36221107840538025
1.0924798250198364,0.9007205963134766,0.2069484442472458
1.1202903985977173,0.8956339359283447,0.13751915097236633
1.7946139574050903,0.45490363240242004,0.4033934772014618
0.22450748085975647,0.7075983881950378,0.44101402163505554
1.9477355480194092,0.36531588435173035,0.5455358028411865
0.40822774171829224,0.9622489213943481,0.24511511623859406
1.5322718620300293,0.7830954194068909,0.5495497584342957
-0.12179100513458252,0.9587888121604919,0.32126525044441223
0.4495536684989929,0.5832014083862305,0.2615545392036438
1.0936697721481323,0.8447950482368469,0.5537198185920715
1.842489242553711,0.8564149141311646,0.4016987979412079
0.7417894601821899,0.9234512448310852,0.20991455018520355
0.23459438979625702,0.43746429681777954,0.6098668575286865
0.19318196177482605,0.9624585509300232,0.2921524941921234
1.9518218040466309,0.39287933707237244,0.2840103805065155
0.3759729266166687,0.5075491070747375,0.20145195722579956
0.39645975828170776,0.9257882237434387,0.32928159832954407
0.4511403441429138,0.9612351655960083,0.16400495171546936
0.7177550196647644,0.8322556018829346,0.3514540195465088
1.5641859769821167,0.4983360469341278,0.7283354997634888
2.695211410522461,0.35999926924705505,0.625408947467804
0.6959370970726013,0.9303305149078369,0.20397412776947021
1.6637670993804932,0.6611634492874146,0.47732293605804443
-0.20648440718650818,0.6451755166053772,0.20086580514907837
2.167119264602661,0.5064630508422852,0.43447646498680115
0.22450748085975647,0.7075983881950378,0.44101402163505554
1.7083830833435059,0.806367814540863,0.38936319947242737
1.6136672496795654,0.6695705056190491,0.7453209161758423
0.07627739757299423,0.5871257185935974,0.39065617322921753
1.4556564092636108,0.9219102263450623,0.19455692172050476
1.1424545049667358,0.4564193785190582,0.7769433856010437
0.6824685335159302,0.893841028213501,0.58237624168396
1.0694738626480103,0.9049890041351318,0.26332902908325195
-0.27672329545021057,0.9858232736587524,0.08978887647390366
1.8815577030181885,0.6159936785697937,0.4359734058380127
0.5928571224212646,0.7424736022949219,0.3460792005062103
0.6781556606292725,0.8659743666648865,0.3426278829574585
0.3515315651893616,0.956964373588562,0.27588510513305664
1.6142947673797607,0.2703746557235718,0.5126289129257202
-0.026392607018351555,0.932449221611023,0.20706279575824738
1.9685040712356567,0.2410409152507782,0.259432315826416
1.3809555768966675,0.9394367337226868,0.3865883946418762
0.3071726858615875,0.6563182473182678,0.7942923903465271
-0.36606621742248535,0.5074223875999451,0.33672353625297546
0.278970867395401,0.9411370754241943,0.39771750569343567
1.5930365324020386,0.6063621640205383,0.6037192344665527
1.1951667070388794,0.40468668937683105,0.44873693585395813
0.46502751111984253,0.8166664838790894,0.31288477778434753
0.48344817757606506,0.9430298805236816,0.20200136303901672
0.3270273208618164,0.8601087331771851,0.21583589911460876
2.167151927947998,0.6143895983695984,0.7275152206420898
1.2595428228378296,0.6097666621208191,0.6005929708480835
0.29930609464645386,0.6368414759635925,0.360647052526474
1.444257140159607,0.8421964049339294,0.2942101061344147
1.7344473600387573,0.9017804861068726,0.570521354675293
1.0335644483566284,0.8270081877708435,0.3236290216445923
0.2215128242969513,0.9404678344726562,0.13472196459770203
1.209194540977478,0.46865254640579224,0.48458805680274963
0.8457996845245361,0.14868134260177612,0.7128927111625671
0.15536874532699585,0.5581221580505371,0.3624052405357361
0.4382210969924927,0.7140894532203674,0.39247310161590576
1.1626719236373901,0.47123685479164124,0.88652104139328
1.287009596824646,0.9787536859512329,0.5988794565200806
1.056099534034729,0.4416644871234894,0.40536177158355713
0.0737491101026535,0.6693688035011292,0.43356868624687195
0.9283788204193115,0.8972849249839783,0.6066740155220032
0.8141897916793823,0.9295663833618164,0.34646180272102356
1.6229338645935059,0.943245530128479,0.2300909161567688
1.929843783378601,0.882117748260498,0.6153276562690735
1.408460021018982,0.4095142185688019,0.5343014001846313
0.5733872652053833,0.9178346991539001,0.23068629205226898
1.6370681524276733,0.92011559009552,0.365434467792511
-0.2952296733856201,0.9173542261123657,0.2612556219100952
-0.020032254979014397,0.8358024954795837,0.11449524760246277
0.5600913763046265,0.9277631640434265,0.22169789671897888
0.5337618589401245,0.18161657452583313,0.8576980829238892
2.23203444480896,0.7928882837295532,0.5475366711616516
0.6941221952438354,0.916506290435791,0.17117927968502045
0.6030918955802917,0.3233686685562134,0.6532476544380188
0.3908575475215912,0.8428100943565369,0.2346082329750061
0.4985063672065735,0.9274957180023193,0.7094517350196838
1.3150290250778198,0.4572611451148987,0.6340398192405701
0.1096862182021141,0.9450079798698425,0.17819327116012573
0.23120257258415222,0.9492574334144592,0.353323757648468
1.4821981191635132,0.16776034235954285,0.7215243577957153
1.9233218431472778,0.3999811112880707,0.6840485334396362
1.1627103090286255,0.9137863516807556,0.2830628752708435
1.3437408208847046,0.7974655032157898,0.5705073475837708
0.12766119837760925,0.4898856282234192,0.623731255531311
-0.05410858988761902,0.8425723314285278,0.3707250654697418
1.2111854553222656,0.7821975946426392,0.5150147676467896
-0.026392607018351555,0.932449221611023,0.20706279575824738
1.1207815408706665,0.8761914372444153,0.22234681248664856
0.2215128242969513,0.9404678344726562,0.13472196459770203
-0.27000123262405396,0.9159473180770874,0.4028213918209076
0.7292794585227966,0.7168624997138977,0.4359187185764313
-0.06871799379587173,0.9875789284706116,0.14607533812522888
0.7003494501113892,0.445967435836792,0.7862057089805603
1.8559569120407104,0.33062660694122314,0.758465588092804
-0.06871799379587173,0.9875789284706116,0.14607533812522888
1.426064372062683,0.36473825573921204,0.512101948261261
0.9378402829170227,0.47975975275039673,0.3424222469329834
1.8141790628433228,0.8937216401100159,0.5363648533821106
0.37304508686065674,0.7052300572395325,0.6269143223762512
0.040557146072387695,0.8181284666061401,0.44839560985565186
0.862095057964325,0.2501474618911743,0.3428722620010376
-0.26449447870254517,0.9890971183776855,0.21419350802898407
0.1096862182021141,0.9450079798698425,0.17819327116012573
0.7022770643234253,0.9041270017623901,0.25161176919937134
2.1677794456481934,0.8487937450408936,0.4355684518814087
0.9316104650497437,0.641558051109314,0.470293253660202
2.7378406524658203,0.29954004287719727,0.5495365858078003
0.5770747065544128,0.8824782371520996,0.38137808442115784
0.7167648077011108,0.4759996235370636,0.6171299815177917
1.536912441253662,0.9220374226570129,0.26742175221443176
1.9151633977890015,0.2990272641181946,0.7465307116508484
0.8203496336936951,0.8657798171043396,0.26572370529174805
1.9615318775177002,0.8459800481796265,0.624585747718811
0.2041163444519043,0.8966519832611084,0.21965046226978302
1.2962762117385864,0.8699259161949158,0.1378662884235382
0.6811354756355286,0.647612452507019,0.39106863737106323
0.7022770643234253,0.9041270017623901,0.25161176919937134
0.7397459149360657,0.9181763529777527,0.20023733377456665
0.49279922246932983,0.9514978528022766,0.2246532291173935
-0.47651439905166626,0.9442669749259949,0.329001247882843
2.1153435707092285,0.8281962275505066,0.5026664733886719
2.0235934257507324,0.9012137055397034,0.48168301582336426
0.3121795654296875,0.9319629669189453,0.11637583374977112
0.34195658564567566,0.9462338089942932,0.12553489208221436
1.0000108480453491,0.9655075669288635,0.14793798327445984
0.9394708275794983,0.9310753345489502,0.15364158153533936
0.39353615045547485,0.660971462726593,0.6354211568832397
1.4196150302886963,0.8647104501724243,0.559485673904419
0.5527057647705078,0.4665749967098236,0.6008268594741821
1.1296515464782715,0.4356655478477478,0.4252948760986328
0.9375771880149841,0.9179669618606567,0.18967203795909882
0.7344644069671631,0.41155117750167847,0.44016996026039124
1.968528389930725,0.9019442200660706,0.2578944265842438
0.610222578048706,0.7848849892616272,0.18798024952411652
1.562759280204773,0.9647713899612427,0.40718600153923035
0.7570520639419556,0.5893570184707642,0.6537985801696777
0.7362316846847534,0.5331737399101257,0.35549554228782654
0.6686536073684692,0.8334672451019287,0.12859904766082764
0.7560758590698242,0.8188358545303345,0.4218997657299042
0.5514196753501892,0.9311193823814392,0.3992646336555481
0.5072506666183472,0.5077722668647766,0.6946722865104675
0.14679697155952454,0.9178237318992615,0.24360030889511108
0.17486630380153656,0.9506826400756836,0.2623118758201599
1.2623013257980347,0.8018702268600464,0.2860465943813324
0.8621423840522766,0.9614341259002686,0.12175171822309494
0.9768370985984802,0.9006630182266235,0.43733081221580505
1.4582730531692505,0.9101811647415161,0.5591696500778198
0.7713714838027954,0.5115395784378052,0.5969958901405334
0.8634083271026611,0.9379125237464905,0.11030068248510361
1.221793293952942,0.36782029271125793,0.5317927002906799
1.1466532945632935,0.9551048874855042,0.17752815783023834
2.224165201187134,0.8418312668800354,0.28889182209968567
1.1448068618774414,0.7101321220397949,0.2875388264656067
-0.23814657330513,0.9518970251083374,0.22482487559318542
0.4543769955635071,0.9187127351760864,0.5659724473953247
2.1768527030944824,0.5527277588844299,0.4379405379295349
1.4121686220169067,0.9379166960716248,0.2357311248779297
0.3404994010925293,0.9589731693267822,0.42205527424812317
0.743715763092041,0.5253933072090149,0.3678136467933655
1.5555109977722168,0.9014198780059814,0.3896288275718689
0.6900626420974731,0.76976478099823,0.39633890986442566
1.2957342863082886,0.9875935912132263,0.1635919213294983
1.2360756397247314,0.7813692092895508,0.3618074357509613
0.5896601676940918,0.8798694014549255,0.3564160168170929
1.9023494720458984,0.9295557737350464,0.17257040739059448
1.0708197355270386,0.9676105976104736,0.15145522356033325
1.9966298341751099,0.5233860611915588,0.4712105691432953
0.8634083271026611,0.9379125237464905,0.11030068248510361
2.190373420715332,0.4443131685256958,0.6688315272331238
-0.060628458857536316,0.976233184337616,0.656589150428772
1.2957063913345337,0.9122300148010254,0.3851560652256012
1.0571341514587402,0.8860047459602356,0.48951348662376404
1.157474160194397,0.7290822863578796,0.2054554969072342
1.115967869758606,0.8932141065597534,0.30972570180892944
0.7362316846847534,0.5331737399101257,0.35549554228782654
0.14444907009601593,0.9341527819633484,0.07987376302480698
0.10830467939376831,0.42843419313430786,0.38998180627822876
0.9574220180511475,0.8292891979217529,0.2845722734928131
0.5794150829315186,0.938031792640686,0.3730936646461487
-0.7022276520729065,0.9344879984855652,0.27293968200683594
0.8027455806732178,0.9138399958610535,0.1736428588628769
0.09142491221427917,0.9620653986930847,0.26698192954063416
0.8981229662895203,0.4151766002178192,0.36842668056488037
1.3142225742340088,0.5890952348709106,0.3662940561771393
0.570257842540741,0.36720436811447144,0.49481046199798584
0.14679697155952454,0.9178237318992615,0.24360030889511108
0.5911359190940857,0.9884482026100159,0.17364613711833954
0.12315288186073303,0.7271975874900818,0.41152918338775635
1.369205117225647,0.853597104549408,0.1890457272529602
0.7977217435836792,0.7730833292007446,0.4563520550727844
0.36552006006240845,0.9455171227455139,0.18275026977062225
1.842489242553711,0.8564149141311646,0.4016987979412079
1.808620810508728,0.5213495492935181,0.40688419342041016
0.7442314624786377,0.9078887701034546,0.21704444289207458
0.8946014046669006,0.1575232446193695,0.7634236216545105
1.1325310468673706,0.9409492015838623,0.3485053479671478
0.35527917742729187,0.48932236433029175,0.24741949141025543
1.032309889793396,0.6261885166168213,0.3076895773410797
2.102189064025879,0.29948729276657104,0.6251311898231506
1.4906275272369385,0.16257137060165405,0.7001177668571472
0.5129420161247253,0.9267939925193787,0.33428552746772766
0.17428648471832275,0.9687886238098145,0.2818300724029541
0.5615050196647644,0.8633539080619812,0.3351968228816986
0.23120257258415222,0.9492574334144592,0.353323757648468
0.7821986675262451,0.950771689414978,0.1539466679096222
-0.03335890173912048,0.9555070996284485,0.16931425034999847
0.3752517104148865,0.8942474722862244,0.4117951989173889
-0.9877079725265503,0.9114600419998169,0.1002187430858612
0.7780323624610901,0.18561695516109467,0.5140312910079956
1.5335513353347778,0.33558347821235657,0.41998106241226196
1.2930266857147217,0.5493187308311462,0.3328048586845398
2.333853244781494,0.8675928711891174,0.4751303493976593
0.6348640322685242,0.850670576095581,0.4100818634033203
1.6173795461654663,0.9269290566444397,0.23642277717590332
0.9693284034729004,0.681033194065094,0.29787617921829224
1.801019310951233,0.9415575265884399,0.17901882529258728
2.3883020877838135,0.46450984477996826,0.21077844500541687
1.218425989151001,0.9188643097877502,0.23959288001060486
0.9618139863014221,0.4400677978992462,0.6169906854629517
1.1260558366775513,0.5014491677284241,0.336567759513855
0.3624386191368103,0.9854679703712463,0.14975284039974213
0.1181221604347229,0.7693658471107483,0.21028287708759308
0.6116909980773926,0.6627339720726013,0.5808916687965393
0.5472550392150879,0.3066321015357971,0.3961421549320221
0.3644438683986664,0.5820755362510681,0.3033829927444458
1.2962762117385864,0.8699259161949158,0.1378662884235382
-0.7301340699195862,0.9851506352424622,0.23540693521499634
-0.02644837461411953,0.5508533120155334,0.5180161595344543
1.1791540384292603,0.7307838797569275,0.34108686447143555
1.7929596900939941,0.7376085519790649,0.38394075632095337
-0.18048739433288574,0.9586004614830017,0.23229512572288513
-0.06238622963428497,0.8669935464859009,0.1343868374824524
1.1163610219955444,0.6175475716590881,0.3419751524925232
0.08598940074443817,0.7759263515472412,0.30652904510498047
0.025191524997353554,0.7924051284790039,0.36487969756126404
0.7154073715209961,0.4148441255092621,0.4486169219017029
0.882034420967102,0.20563088357448578,0.5658568143844604
1.562812328338623,0.5077990889549255,0.5723929405212402
-0.17186588048934937,0.9399649500846863,0.4360027611255646
1.356174349784851,0.8602488040924072,0.2895832657814026
0.9547227621078491,0.5704938173294067,0.4128783643245697
0.06215296685695648,0.9722012281417847,0.15923112630844116
0.5614558458328247,0.9562888741493225,0.20172064006328583
0.4251672029495239,0.4789818227291107,0.48591166734695435
0.7626439332962036,0.9272559285163879,0.30312126874923706
-0.2849932014942169,0.9215200543403625,0.15684500336647034
1.4597431421279907,0.7800137400627136,0.595974862575531
1.562812328338623,0.5077990889549255,0.5723929405212402
1.0974397659301758,0.8493545651435852,0.14290647208690643
1.9717652797698975,0.3235633671283722,0.6318602561950684
2.2730839252471924,0.4140130579471588,0.40311041474342346
0.8141897916793823,0.9295663833618164,0.34646180272102356
1.6013323068618774,0.14040090143680573,0.7861167788505554
0.8750077486038208,0.9240579009056091,0.28362682461738586
0.7338502407073975,0.8485419750213623,0.263023316860199
0.19033008813858032,0.889333963394165,0.27501973509788513
2.0616273880004883,0.7766944169998169,0.3200477957725525
0.8665647506713867,0.9507558345794678,0.4030397832393646
1.8140028715133667,0.7480820417404175,0.5206317901611328
1.243670105934143,0.7293136715888977,0.30747702717781067
0.6953520774841309,0.9159699082374573,0.31496116518974304
0.3436950445175171,0.9609699249267578,0.15425151586532593
1.0020333528518677,0.2593838572502136,0.4197518825531006
0.6539766192436218,0.9241973757743835,0.2930895686149597
1.4852527379989624,0.8024320602416992,0.3952946662902832
2.3585822582244873,0.2215883433818817,0.5270284414291382
1.408229947090149,0.7605984807014465,0.366872638463974
0.16884180903434753,0.908901572227478,0.14973574876785278
0.9677293300628662,0.931056022644043,0.22030194103717804
0.0737491101026535,0.6693688035011292,0.43356868624687195
0.171341672539711,0.9653846025466919,0.4859057366847992
1.9063585996627808,0.173628032207489,0.8051137924194336
0.27741533517837524,0.4273589253425598,0.500411331653595
1.23487389087677,0.9316269159317017,0.20877093076705933
-0.01000065915286541,0.701077938079834,0.5173326134681702
1.6229338645935059,0.943245530128479,0.2300909161567688
0.9955356121063232,0.804210901260376,0.38361233472824097
-0.06472386419773102,0.8372969031333923,0.3045789301395416
0.5735630989074707,0.9038050770759583,0.3095918297767639
0.5660336017608643,0.959011435508728,0.25778627395629883
-0.27000123262405396,0.9159473180770874,0.4028213918209076
1.0432957410812378,0.8615274429321289,0.3710905909538269
1.0793766975402832,0.9358627796173096,0.15448129177093506
1.3145829439163208,0.830154299736023,0.5315465927124023
-0.47651439905166626,0.9442669749259949,0.329001247882843
1.747093677520752,0.9438778758049011,0.566944420337677
1.801019310951233,0.9415575265884399,0.17901882529258728
0.6260147094726562,0.23935231566429138,0.6140986084938049
0.36975324153900146,0.9689606428146362,0.4557655453681946
1.60543692111969,0.1540297120809555,0.715876042842865
0.8787838220596313,0.4826820492744446,0.18139833211898804
1.4145170450210571,0.9023258090019226,0.5127763748168945
0.00236339308321476,0.9198734164237976,0.20228295028209686
-0.051197297871112823,0.7160548567771912,0.1866002231836319
0.48922252655029297,0.7392431497573853,0.36424916982650757
0.225190669298172,0.7893708944320679,0.36529964208602905
0.4611952602863312,0.8865069150924683,0.20476201176643372
0.5395413637161255,0.9388253092765808,0.26129406690597534
1.006095290184021,0.9469884037971497,0.26227888464927673
2.7367711067199707,0.170313760638237,0.7546557188034058
0.6891579627990723,0.26145410537719727,0.5277166962623596
2.3553950786590576,0.23702989518642426,0.6542986035346985
0.9545348882675171,0.8866099715232849,0.2907920777797699
0.7061449885368347,0.6389836668968201,0.3696364462375641
1.647079348564148,0.8492265343666077,0.46270230412483215
1.745490312576294,0.7547610998153687,0.4514042139053345
0.651387095451355,0.8747121095657349,0.5208483338356018
1.058405876159668,0.8388102054595947,0.19568583369255066
1.646027684211731,0.256556898355484,0.6039923429489136
-0.09266538172960281,0.981092095375061,0.20262543857097626
1.562812328338623,0.5077990889549255,0.5723929405212402
1.3983865976333618,0.8945207595825195,0.3447574973106384
0.12658247351646423,0.8654195666313171,0.3794330954551697
-0.1452411711215973,0.9808444976806641,0.13229092955589294
1.4597431421279907,0.7800137400627136,0.595974862575531
1.1164048910140991,0.8065609335899353,0.5043423771858215
0.4684959948062897,0.8758229613304138,0.24540142714977264
-0.0140493493527174,0.6166965961456299,0.5258609056472778
1.740639328956604,0.1923539638519287,0.4177984893321991
0.713099479675293,0.9292047023773193,0.20063309371471405
1.5133295059204102,0.471482515335083,0.4883897602558136
0.266812801361084,0.5077707171440125,0.3868001103401184
1.1712180376052856,0.8552410006523132,0.40785837173461914
0.19152462482452393,0.8999001383781433,0.2644679546356201
0.6690402030944824,0.9874021410942078,0.12761564552783966
0.8037935495376587,0.9304783940315247,0.21695594489574432
1.8628627061843872,0.23208141326904297,0.7387576103210449
-0.12954498827457428,0.5857313871383667,0.40650537610054016
1.0253607034683228,0.8381363153457642,0.4988880157470703
1.4145170450210571,0.9023258090019226,0.5127763748168945
0.3759729266166687,0.5075491070747375,0.20145195722579956
0.21442991495132446,0.9372435212135315,0.6513767838478088
0.3204866647720337,0.9754745364189148,0.11100815236568451
0.19671764969825745,0.6588293313980103,0.44333595037460327
0.8829092979431152,0.8326224684715271,0.3784695565700531
0.24560260772705078,0.9420127272605896,0.26993328332901
2.224165201187134,0.8418312668800354,0.28889182209968567
0.8135173320770264,0.7196221351623535,0.4099040925502777
0.7107337713241577,0.5208776593208313,0.4894948899745941
1.1031298637390137,0.5772585272789001,0.586736261844635
0.1306328922510147,0.890963077545166,0.1961694359779358
0.8829092979431152,0.8326224684715271,0.3784695565700531
0.6030918955802917,0.3233686685562134,0.6532476544380188
1.0462013483047485,0.5413565039634705,0.5805785059928894
0.9316104650497437,0.641558051109314,0.470293253660202
-0.3104768991470337,0.31325384974479675,0.5312413573265076
0.14653213322162628,0.9007791876792908,0.2498021125793457
0.7362316846847534,0.5331737399101257,0.35549554228782654
-0.22898676991462708,0.8094488382339478,0.17603354156017303
-0.026392607018351555,0.932449221611023,0.20706279575824738
0.918826699256897,0.34512338042259216,0.7510913610458374
0.7038689851760864,0.8263965249061584,0.3681306838989258
0.5831073522567749,0.950035035610199,0.28955402970314026
2.0579686164855957,0.45894816517829895,0.452676922082901
1.0755127668380737,0.9477783441543579,0.1872546225786209
-0.38643378019332886,0.9787736535072327,0.3249230682849884
1.483347773551941,0.2599811851978302,0.5558345317840576
-0.03335890173912048,0.9555070996284485,0.16931425034999847
0.8642380833625793,0.6733853816986084,0.6709495186805725
0.48538440465927124,0.9096335768699646,0.26379239559173584
1.3698670864105225,0.5263767242431641,0.4793335199356079
-0.25422483682632446,0.5868733525276184,0.7045554518699646
1.3733850717544556,0.9112988710403442,0.12005970627069473
0.46092522144317627,0.9656341671943665,0.2059527337551117
0.9316104650497437,0.641558051109314,0.470293253660202
0.4758473336696625,0.29905545711517334,0.7843232154846191
0.27850472927093506,0.6158975958824158,0.4228566586971283
0.5102325677871704,0.9684969186782837,0.19958315789699554
1.1919939517974854,0.8478745818138123,0.5618911981582642
0.8843292593955994,0.8516844511032104,0.306810587644577
1.4145170450210571,0.9023258090019226,0.5127763748168945
1.0931671857833862,0.9678683876991272,0.24541999399662018
1.3436771631240845,0.9516319632530212,0.15602299571037292
1.4597431421279907,0.7800137400627136,0.595974862575531
1.0409873723983765,0.30239561200141907,0.4508498013019562
1.1646416187286377,0.9131039977073669,0.38751378655433655
0.9693532586097717,0.8561933040618896,0.3506084680557251
1.2377067804336548,0.9167898893356323,0.4029098451137543
0.14943179488182068,0.6281395554542542,0.4266715347766876
1.1712502241134644,0.9865028858184814,0.2082468718290329
1.3361281156539917,0.874531090259552,0.3401278257369995
2.4693443775177,0.9703137874603271,0.13100388646125793
1.6858625411987305,0.577385425567627,0.3739444613456726
0.9547227621078491,0.5704938173294067,0.4128783643245697
0.43300437927246094,0.876541018486023,0.08014259487390518
1.6378854513168335,0.9474067091941833,0.20979365706443787
-0.25360777974128723,0.939382016658783,0.09690418839454651
0.739679217338562,0.5221399664878845,0.3831019103527069
0.17669779062271118,0.9541995525360107,0.17668208479881287
1.9528719186782837,0.8262203931808472,0.3309367895126343
0.5820539593696594,0.9345003962516785,0.31500110030174255
-0.11453603208065033,0.88431715965271,0.14418324828147888
1.7946139574050903,0.45490363240242004,0.4033934772014618
1.8551088571548462,0.8321582674980164,0.3565812110900879
0.7386188507080078,0.9494551420211792,0.32851389050483704
1.4582730531692505,0.9101811647415161,0.5591696500778198
0.3643297255039215,0.9585828185081482,0.13470393419265747
0.3100048005580902,0.7952892780303955,0.5253239274024963
0.9575202465057373,0.9179710149765015,0.2768419682979584
0.5246452689170837,0.7901672124862671,0.2380869835615158
-0.45268726348876953,0.912659764289856,0.2839435935020447
0.6554730534553528,0.7899911403656006,0.5476358532905579
1.4230087995529175,0.9646391272544861,0.26068806648254395
1.6229338645935059,0.943245530128479,0.2300909161567688
0.7041617631912231,0.1255151778459549,0.5984469652175903
0.23258978128433228,0.67672199010849,0.35928964614868164
1.0924798250198364,0.9007205963134766,0.2069484442472458
1.0348536968231201,0.9184890985488892,0.4991636872291565
1.133365511894226,0.9467741250991821,0.26616472005844116
1.0089060068130493,0.8712416291236877,0.22617149353027344
1.2640371322631836,0.8900033235549927,0.3562110662460327
0.29492616653442383,0.5594068169593811,0.4773595333099365
2.297520160675049,0.21574057638645172,0.2941606938838959
1.6880897283554077,0.8302385210990906,0.3197878897190094
0.6427015662193298,0.9655410647392273,0.2203506976366043
0.5716947317123413,0.9618208408355713,0.5640665292739868
0.4274827539920807,0.9832140207290649,0.1513393521308899
1.057763695716858,0.89960777759552,0.43384623527526855
-0.23176181316375732,0.9094716310501099,0.1889777034521103
1.0088955163955688,0.6705097556114197,0.4107234477996826
0.3082631826400757,0.8972809910774231,0.18580740690231323
2.1497278213500977,0.37617233395576477,0.5684984922409058
1.537671685218811,0.6779720187187195,0.14656686782836914
0.19445812702178955,0.5292090773582458,0.47361141443252563
1.0011522769927979,0.8137605786323547,0.4377671480178833
2.28466796875,0.6286929249763489,0.21851904690265656
0.35389408469200134,0.8895267248153687,0.2694665193557739
1.4597431421279907,0.7800137400627136,0.595974862575531
0.0798172801733017,0.4456976652145386,0.5247659087181091
0.6184707283973694,0.8588004112243652,0.5469379425048828
0.20691990852355957,0.9622818231582642,0.2917240262031555
1.0117655992507935,0.9133979082107544,0.24158766865730286
1.5533767938613892,0.5653732419013977,0.40879368782043457
0.743715763092041,0.5253933072090149,0.3678136467933655
1.5946780443191528,0.8002384305000305,0.4049344062805176
0.849376916885376,0.8945823907852173,0.45547229051589966
0.8585126399993896,0.9295307397842407,0.20952801406383514
-0.2722567617893219,0.8130539655685425,0.13453616201877594
1.3444898128509521,0.9381967186927795,0.20248694717884064
1.0644789934158325,0.5252224206924438,0.5827746987342834
0.29596737027168274,0.9215990304946899,0.2838744819164276
1.459891676902771,0.9356921315193176,0.517456591129303
1.5370413064956665,0.4142228662967682,0.6218595504760742
1.3437408208847046,0.7974655032157898,0.5705073475837708
0.9316104650497437,0.641558051109314,0.470293253660202
-0.03189496695995331,0.25057223439216614,0.5129164457321167
2.2646913528442383,0.30269473791122437,0.6204374432563782
1.6146581172943115,0.8615646362304688,0.2983093857765198
1.1543442010879517,0.23060330748558044,0.7050021886825562
1.5946780443191528,0.8002384305000305,0.4049344062805176
0.4420664310455322,0.9448005557060242,0.17237547039985657
0.9674348831176758,0.6897765398025513,0.44599947333335876
1.491731882095337,0.20088788866996765,0.940398097038269
0.9922841787338257,0.9181913137435913,0.21458780765533447
0.00236339308321476,0.9198734164237976,0.20228295028209686
0.6502904891967773,0.8838658332824707,0.34902819991111755
-0.17653243243694305,0.9266595840454102,0.16855688393115997
0.2916368842124939,0.9458223581314087,0.18324409425258636
1.0510060787200928,0.9687495827674866,0.15923850238323212
1.4358006715774536,0.315960556268692,0.6939516067504883
1.42690908908844,0.8480799198150635,0.3539765179157257
0.6084267497062683,0.3654882311820984,0.2687014937400818
1.947737455368042,0.15801669657230377,0.4847797155380249
0.32008451223373413,0.7338651418685913,0.3400215208530426
-0.030031858012080193,0.39439085125923157,0.5668090581893921
1.7007488012313843,0.5028132796287537,0.556028425693512
0.43791961669921875,0.807925820350647,0.19090530276298523
0.9998419284820557,0.6504855155944824,0.2775449752807617
-0.0122020673006773,0.8617944717407227,0.32601866126060486
1.315799593925476,0.6787489652633667,0.4195011556148529
1.7645624876022339,0.904097855091095,0.24643675982952118
0.3234386444091797,0.6802341341972351,0.25133195519447327
0.7901246547698975,0.7791534066200256,0.396781861782074
1.9975188970565796,0.5999290943145752,0.33944612741470337
1.7063090801239014,0.8927186131477356,0.2544569671154022
0.5764507055282593,0.6195864081382751,0.20281212031841278
1.2738016843795776,0.9079634547233582,0.24629202485084534
1.0211647748947144,0.8646177649497986,0.3537623882293701
2.2459867000579834,0.8074439764022827,0.6822888851165771
0.768833339214325,0.6960002779960632,0.42738762497901917
1.6398625373840332,0.42807480692863464,0.5493860244750977
0.5331075191497803,0.6897702813148499,0.5692433714866638
1.9064370393753052,0.8743399381637573,0.3647797107696533
2.14540433883667,0.8189677596092224,0.6161407232284546
1.252834677696228,0.7930622696876526,0.27922260761260986
0.7475630044937134,0.9260541796684265,0.423859566450119
1.0510060787200928,0.9687495827674866,0.15923850238323212
-0.35733020305633545,0.7251973152160645,0.24318039417266846
3.034186840057373,0.35958757996559143,0.5730600953102112
1.5262664556503296,0.6420392394065857,0.4060531258583069
1.2465786933898926,0.7694658041000366,0.5500844120979309
1.823722004890442,0.29587841033935547,0.7826944589614868
3.1793465614318848,0.4742213189601898,0.5642731785774231
0.5925973057746887,0.9281824827194214,0.2834721803665161
0.17538094520568848,0.9666011929512024,0.5218517780303955
1.2423897981643677,0.8729867935180664,0.2495799958705902
1.0644789934158325,0.5252224206924438,0.5827746987342834
-0.35733020305633545,0.7251973152160645,0.24318039417266846
1.4585236310958862,0.8271186947822571,0.3026374280452728
-0.6921095848083496,0.5479689240455627,0.3558879494667053
-0.05390438437461853,0.9869743585586548,0.29827651381492615
1.305832028388977,0.8837009072303772,0.23456157743930817
1.1040223836898804,0.7761150598526001,0.34480395913124084
0.3678435683250427,0.9115650653839111,0.25486376881599426
1.7429620027542114,0.5367051959037781,0.856165885925293
1.603383183479309,0.21783758699893951,0.5491009950637817
-0.30716466903686523,0.6780211329460144,0.1735645979642868
0.30376961827278137,0.6518948674201965,0.4123929738998413
1.3073056936264038,0.9191684722900391,0.21776515245437622
0.38673606514930725,0.6781529188156128,0.44696885347366333
0.9348503351211548,0.5342309474945068,0.3834390938282013
0.610222578048706,0.7848849892616272,0.18798024952411652
0.11940467357635498,0.9691084027290344,0.12744438648223877
0.2226937711238861,0.5150615572929382,0.3861289918422699
0.6084267497062683,0.3654882311820984,0.2687014937400818
-0.07431066781282425,0.9060583710670471,0.3426995873451233
2.482285499572754,0.9461686015129089,0.11458713561296463
0.18601860105991364,0.7035779356956482,0.2639712989330292
0.8245384097099304,0.861368715763092,0.5884012579917908
0.4241317808628082,0.8235266804695129,0.3546627461910248
1.3575752973556519,0.8945427536964417,0.31876564025878906
1.1712180376052856,0.8552410006523132,0.40785837173461914
1.6486821174621582,0.6583472490310669,0.2046506106853485
1.3198360204696655,0.604837954044342,0.4944663345813751
0.9987146854400635,0.9486874938011169,0.16447581350803375
0.6917535662651062,0.6800402402877808,0.43937116861343384
0.49376076459884644,0.7542522549629211,0.29151180386543274
1.4582730531692505,0.9101811647415161,0.5591696500778198
2.0904369354248047,0.9152281880378723,0.6014301180839539
1.444257140159607,0.8421964049339294,0.2942101061344147
0.11419054865837097,0.9519787430763245,0.08703535050153732
1.0936697721481323,0.8447950482368469,0.5537198185920715
0.9117147922515869,0.9833542704582214,0.2620769143104553
1.262489676475525,0.8537461161613464,0.37810295820236206
1.3597427606582642,0.6015015244483948,0.33083412051200867
1.3261464834213257,0.8194934725761414,0.43516987562179565
-0.22548888623714447,0.9204195141792297,0.16892066597938538
-0.13497082889080048,0.9871728420257568,0.3926007151603699
1.4210683107376099,0.9894295334815979,0.15444213151931763
-0.6070141196250916,0.25874313712120056,0.7183623909950256
0.7982860803604126,0.8670222759246826,0.3385274410247803
1.2228138446807861,0.30505988001823425,0.40337151288986206
1.313367247581482,0.42034122347831726,0.6550590991973877
1.4582730531692505,0.9101811647415161,0.5591696500778198
0.3646389842033386,0.8848459124565125,0.27995023131370544
0.2081669270992279,0.7771946787834167,0.2982174754142761
2.335700273513794,0.9166633486747742,0.3873731791973114
-0.2828843593597412,0.9035868048667908,0.19400355219841003
0.563605546951294,0.6618737578392029,0.45966023206710815
1.186972737312317,0.7701686024665833,0.4278288781642914
1.6195935010910034,0.8959081172943115,0.3781287372112274
1.8280364274978638,0.1799243688583374,0.7082681059837341
-0.27672329545021057,0.9858232736587524,0.08978887647390366
0.9726334810256958,0.9591749310493469,0.1402873396873474
0.8620321750640869,0.5473324656486511,0.6835982799530029
1.0607846975326538,0.6255186200141907,0.34033098816871643
0.6141559481620789,0.44505152106285095,0.38183873891830444
1.2268682718276978,0.8404030799865723,0.4787285625934601
-0.09780561923980713,0.7840502262115479,0.32317787408828735
0.22158175706863403,0.8784953355789185,0.2789541780948639
2.7390971183776855,0.4572051167488098,0.5850811004638672
-0.020032254979014397,0.8358024954795837,0.11449524760246277
-0.3104768991470337,0.31325384974479675,0.5312413573265076
1.1632050275802612,0.9529433846473694,0.38528716564178467
0.8681904673576355,0.6023076772689819,0.3028118312358856
0.9539870023727417,0.252667099237442,0.3491523563861847
2.256821632385254,0.8145192861557007,0.5415167808532715
0.6019831895828247,0.5832667946815491,0.35237401723861694
0.3875409662723541,0.7319990396499634,0.41972875595092773
0.6266096830368042,0.9890071153640747,0.7062443494796753
0.882034420967102,0.20563088357448578,0.5658568143844604
0.6035311222076416,0.8997015953063965,0.2932058274745941
0.45367029309272766,0.7962443828582764,0.32178637385368347
1.8847943544387817,0.5017251372337341,0.46639567613601685
0.26553553342819214,0.8667173385620117,0.5317960381507874
1.2371209859848022,0.42311379313468933,0.5423009991645813
0.19671764969825745,0.6588293313980103,0.44333595037460327
0.11609137058258057,0.9852315187454224,0.17877593636512756
0.7569820880889893,0.9132891297340393,0.44146445393562317
1.3468486070632935,0.8113025426864624,0.7328082323074341
1.795400619506836,0.6711281538009644,0.33543360233306885
1.4685096740722656,0.8135578632354736,0.31920763850212097
1.4145170450210571,0.9023258090019226,0.5127763748168945
1.0765787363052368,0.8089216947555542,0.4534267485141754
0.9014363288879395,0.6097732186317444,0.34406498074531555
0.3929342031478882,0.9567713737487793,0.25562259554862976
1.8807519674301147,0.7640020251274109,0.5142180919647217
0.4985063672065735,0.9274957180023193,0.7094517350196838
0.45367029309272766,0.7962443828582764,0.32178637385368347
1.8815311193466187,0.8791369795799255,0.3089851140975952
1.4861377477645874,0.9059823155403137,0.18273122608661652
1.7001540660858154,0.8624561429023743,0.5033958554267883
1.5423022508621216,0.8309118747711182,0.5142232775688171
1.621942400932312,0.4311874508857727,0.7043359279632568
4.563127517700195,0.2882969379425049,0.18961797654628754
2.3415334224700928,0.37029358744621277,0.6985841989517212
0.5707255601882935,0.40948420763015747,0.36504703760147095
0.24603918194770813,0.9363183379173279,0.051100846379995346
0.23914510011672974,0.2157830148935318,0.4924984872341156
-0.011324314400553703,0.20021529495716095,0.39222609996795654
0.7372012734413147,0.8186224699020386,0.4343150556087494
0.7250754833221436,0.8685174584388733,0.33105120062828064
1.2907015085220337,0.6451983451843262,0.40983501076698303
0.9850252866744995,0.8360614776611328,0.24530033767223358
1.3459933996200562,0.6921701431274414,0.268710732460022
1.8543498516082764,0.900745153427124,0.28717178106307983
1.840559959411621,0.8368261456489563,0.3763541877269745
0.25023573637008667,0.9354103207588196,0.33040934801101685
0.874703586101532,0.7743815779685974,0.3320690095424652
0.36975324153900146,0.9689606428146362,0.4557655453681946
1.5864955186843872,0.9743965268135071,0.7681846022605896
0.3918503224849701,0.7435646057128906,0.3948909044265747
-0.010931087657809258,0.5083533525466919,0.35751378536224365
1.0777562856674194,0.7801205515861511,0.16907350718975067
1.4145170450210571,0.9023258090019226,0.5127763748168945
1.1373100280761719,0.28786730766296387,0.5616194605827332
1.3237853050231934,0.9090327620506287,0.3701407313346863
1.23487389087677,0.9316269159317017,0.20877093076705933
0.9041907787322998,0.7777103781700134,0.35938477516174316
1.461072564125061,0.9297561049461365,0.18083132803440094
0.47438687086105347,0.7042469382286072,0.5868990421295166
0.232254296541214,0.6364210247993469,0.3834981918334961
-0.26449447870254517,0.9890971183776855,0.21419350802898407
0.40896326303482056,0.3288780450820923,0.39746877551078796
0.4455929696559906,0.977207362651825,0.09215088188648224
1.3790415525436401,0.8609852194786072,0.3126434087753296
1.0906256437301636,0.929181694984436,0.20100592076778412
0.7841207981109619,0.3649352192878723,0.4845253825187683
0.4455929696559906,0.977207362651825,0.09215088188648224
-0.16886577010154724,0.8602703213691711,0.201888307929039
0.29720669984817505,0.961201012134552,0.16211368143558502
-0.007180919870734215,0.9681656360626221,0.15182511508464813
1.764288306236267,0.2754756510257721,0.45027443766593933
1.271267294883728,0.7223905920982361,0.3582032322883606
1.4687210321426392,0.9217509031295776,0.3281581997871399
1.2209032773971558,0.5865607857704163,0.3707501292228699
1.8394466638565063,0.28232094645500183,0.4217967092990875
1.646027684211731,0.256556898355484,0.6039923429489136
1.37984299659729,0.4665294587612152,0.6104066967964172
1.7360045909881592,0.6033913493156433,0.3289734423160553
1.3615977764129639,0.8551487922668457,0.31340521574020386
0.49279922246932983,0.9514978528022766,0.2246532291173935
0.7569820880889893,0.9132891297340393,0.44146445393562317
0.3303399682044983,0.8898847699165344,0.2219545543193817
-0.2491452991962433,0.9809045195579529,0.12938043475151062
1.9063585996627808,0.173628032207489,0.8051137924194336
2.1983585357666016,0.8710119128227234,0.5340772867202759
0.7766276597976685,0.8411219120025635,0.30000942945480347
-0.0122020673006773,0.8617944717407227,0.32601866126060486
0.8920694589614868,0.876465916633606,0.32802242040634155
0.407096803188324,0.9432376623153687,0.2166675478219986
-0.2828843593597412,0.9035868048667908,0.19400355219841003
1.6687986850738525,0.3926812410354614,0.7502734661102295
1.606546401977539,0.7103965282440186,0.4200130105018616
0.5267388820648193,0.6786092519760132,0.4253597557544708
0.5461742877960205,0.8854556083679199,0.25907760858535767
-0.21814964711666107,0.6467744708061218,0.4043523371219635
0.14679697155952454,0.9178237318992615,0.24360030889511108
0.9123676419258118,0.6790491342544556,0.5150411128997803
-0.03189496695995331,0.25057223439216614,0.5129164457321167
-0.3651379346847534,0.4453109800815582,0.3078884780406952
-0.47556906938552856,0.6199702620506287,0.36664241552352905
0.5831073522567749,0.950035035610199,0.28955402970314026
0.6624079346656799,0.9102460145950317,0.410841166973114
0.23325690627098083,0.9721225500106812,0.39557963609695435
0.9453813433647156,0.5518216490745544,0.5933622121810913
1.3395602703094482,0.9478479623794556,0.20052966475486755
1.8807519674301147,0.7640020251274109,0.5142180919647217
0.5949486494064331,0.9555729627609253,0.39771604537963867
0.7077921628952026,0.6965662837028503,0.4619256556034088
0.835713267326355,0.9244117736816406,0.18991397321224213
1.1013298034667969,0.8913981914520264,0.27647069096565247
0.5601640343666077,0.8462567329406738,0.4304763376712799
1.3033559322357178,0.5807037949562073,0.20993037521839142
0.5489431619644165,0.9443429708480835,0.3895997405052185
1.3455171585083008,0.578243613243103,0.42924627661705017
0.8665647506713867,0.9507558345794678,0.4030397832393646
1.8141790628433228,0.8937216401100159,0.5363648533821106
1.699240803718567,0.7274094223976135,0.3963683247566223
1.0522571802139282,0.8741794228553772,0.4191059470176697
1.7671867609024048,0.87669438123703,0.34822216629981995
1.8280364274978638,0.1799243688583374,0.7082681059837341
0.6613845229148865,0.9536818861961365,0.13042870163917542
1.115065574645996,0.9714097380638123,0.08636177331209183
-0.10921059548854828,0.5708115100860596,0.4553598463535309
1.0117655992507935,0.9133979082107544,0.24158766865730286
1.7314125299453735,0.7732583284378052,0.3201519548892975
1.0062648057937622,0.9266746044158936,0.47807085514068604
-0.18265300989151,0.8929095268249512,0.29717493057250977
0.28266072273254395,0.879109799861908,0.4220070242881775
0.9601480960845947,0.9328506588935852,0.3474138677120209
0.938652753829956,0.9086081981658936,0.2606112062931061
2.1538422107696533,0.9393981099128723,0.3021915853023529
1.049957275390625,0.910442054271698,0.48720818758010864
0.4455929696559906,0.977207362651825,0.09215088188648224
1.057763695716858,0.89960777759552,0.43384623527526855
0.3305690586566925,0.49659428000450134,0.5321999788284302
1.419209599494934,0.9032416939735413,0.5323347449302673
0.8542619943618774,0.7912807464599609,0.34817948937416077
-0.04804138094186783,0.9872631430625916,0.2786819636821747
0.6009867787361145,0.979468047618866,0.5119853019714355
1.7217923402786255,0.8028634786605835,0.41331911087036133
3.213639974594116,0.3748124837875366,0.8252662420272827
1.7007488012313843,0.5028132796287537,0.556028425693512
-0.026392607018351555,0.932449221611023,0.20706279575824738
1.2582452297210693,0.880288302898407,0.6265454888343811
1.412081003189087,0.27864083647727966,0.6503485441207886
0.7989652752876282,0.6975237131118774,0.34062427282333374
0.8277261853218079,0.24053432047367096,0.5655801296234131
-0.2849932014942169,0.9215200543403625,0.15684500336647034
0.4546443521976471,0.3653431534767151,0.6323290467262268
0.26553553342819214,0.8667173385620117,0.5317960381507874
0.7560758590698242,0.8188358545303345,0.4218997657299042
0.44002416729927063,0.8842976093292236,0.4942300617694855
-0.3515366017818451,0.7981396913528442,0.34820181131362915
1.2388598918914795,0.8783875107765198,0.31229498982429504
0.3552086055278778,0.9329522848129272,0.21279336512088776
0.25255286693573,0.8073344826698303,0.5099313855171204
1.5352205038070679,0.988045871257782,0.15418359637260437
0.8083555102348328,0.9119807481765747,0.2525130808353424
0.835713267326355,0.9244117736816406,0.18991397321224213
-0.2088320255279541,0.9532732367515564,0.18757320940494537
0.08787380158901215,0.7129862904548645,0.3596154451370239
0.7890211939811707,0.8880688548088074,0.3656657636165619
1.0571341514587402,0.8860047459602356,0.48951348662376404
1.4104975461959839,0.9428979754447937,0.46964678168296814
1.6632200479507446,0.3140987157821655,0.7412455081939697
1.442233920097351,0.9208696484565735,0.3864382803440094
1.5825283527374268,0.8463283181190491,0.354015052318573
0.7513900399208069,0.875209629535675,0.469442218542099
0.8141897916793823,0.9295663833618164,0.34646180272102356
0.766572117805481,0.9263522624969482,0.15335646271705627
-0.024669770151376724,0.9827521443367004,0.16732271015644073
1.0435608625411987,0.8351795077323914,0.36990949511528015
0.24305960536003113,0.712155282497406,0.26042893528938293
0.3299587666988373,0.7825651168823242,0.4382840692996979
0.22450748085975647,0.7075983881950378,0.44101402163505554
